{
	"loaded_type": 1,
	"param0_val": 480.135986000000002604792825877666473388671875,
	"param1_val": 0.50219199999999997174882082617841660976409912109375,
	"param2_val": 0.18205400000000002136424370746681233868002891540527,
	"param3_val": 935.6144410000000561922206543385982513427734375,
	"param4_val": 5.1527999999999991587174008600413799285888671875,
	"param5_val": 0.24266200000000001657518566844373708590865135192871
}