{
	"loaded_type": 2,
	"param0_val": 494.98400899999995772304828278720378875732421875,
	"param1_val": 1,
	"param2_val": 1.50145499999999998408384271897375583648681640625,
	"param3_val": 0.10504000000000000836219982147667906247079372406006,
	"param4_val": 0.022290000000000004254374630363599862903356552124023,
	"param5_val": 1
}