{
	"loaded_type": 3,
	"param0_val": 499.72000099999996791666490025818347930908203125,
	"param1_val": 0.74599700000000013222489769759704358875751495361328,
	"param2_val": 1.2539199999999997015009967071819119155406951904297,
	"param3_val": 0.31544700000000003292655037512304261326789855957031,
	"param4_val": 1,
	"param5_val": 0.50196099999999999052846533231786452233791351318359
}