{
	"loaded_type": 3,
	"param0_val": 324.74398800000000164800439961254596710205078125,
	"param1_val": 0.33154400000000006087930159992538392543792724609375,
	"param2_val": 0.66365500000000021696422436434659175574779510498047,
	"param3_val": 0.17251500000000002943423282886215019971132278442383,
	"param4_val": 1,
	"param5_val": 0.50196099999999999052846533231786452233791351318359
}