{
	"filter": 
	{
		"hpf": 24
	},
	"gate": 
	{
		"on": 1,
		"keylisten": 0,
		"expander": 1,
		"keyfilter": 120.6857529999999911751729086972773075103759765625,
		"threshold": -32.9411889999999942801878205500543117523193359375,
		"range": -33.1743550000000055888449423946440219879150390625,
		"attack": 0.00025500000000000012673889715486552631773520261049271,
		"release": 0.4922660000000000368736152722703991457819938659668
	},
	"comp": 
	{
		"on": 1,
		"softknee": 0,
		"automode": 1,
		"threshold": -13.396099000000001311150299443397670984268188476562,
		"ratio": 2.9127679999999993576409451634390279650688171386719,
		"attack": 0.0014140000000000005429129368295093627239111810922623,
		"release": 0.057363000000000011202594407677679555490612983703613,
		"gain": 5.2705799999999998206590134941507130861282348632812
	},
	"limit": 
	{
		"limiteron": 1,
		"threshold": 0
	},
	"eq": 
	{
		"eqallon": 1,
		"eqgain1": 1.5882300000000000306243919112603180110454559326172,
		"eqq1": 0.60583400000000009466560868531814776360988616943359,
		"eqfreq1": 77.951859000000013111275620758533477783203125,
		"eqbandon1": 1,
		"eqbandop1": 0,
		"eqgain2": -3.235291000000000138925315695814788341522216796875,
		"eqq2": 4,
		"eqfreq2": 241.079452999999972462319419719278812408447265625,
		"eqbandon2": 1,
		"eqgain3": -0.058830000000000014226397837546755908988416194915771,
		"eqq3": 0.1000000000000000055511151231257827021181583404541,
		"eqfreq3": 1371.456909000000223386450670659542083740234375,
		"eqbandon3": 0,
		"eqgain4": 1.5882300000000000306243919112603180110454559326172,
		"eqq4": 0.29628800000000005132605451763083692640066146850586,
		"eqfreq4": 3553.36352500000020881998352706432342529296875,
		"eqbandon4": 1,
		"eqbandop4": 0
	}
}