{
	"filter": 
	{
		"hpf": 56.8835409999999939145709504373371601104736328125
	},
	"gate": 
	{
		"on": 1,
		"keylisten": 0,
		"expander": 1,
		"keyfilter": 2071.85644499999989420757628977298736572265625,
		"threshold": -30.305855000000004650928531191311776638031005859375,
		"range": -33.1743550000000055888449423946440219879150390625,
		"attack": 0.00049700000000000015432793931680066634726244956254959,
		"release": 0.85570600000000007767653187329415231943130493164062
	},
	"comp": 
	{
		"on": 1,
		"softknee": 0,
		"automode": 1,
		"threshold": -21.960792999999995345206116326153278350830078125,
		"ratio": 3.6462129999999999263593508658232167363166809082031,
		"attack": 0.0056580000000000007023825965291052852990105748176575,
		"release": 0.16254100000000004655476004700176417827606201171875,
		"gain": 5.490183999999999286956153810024261474609375
	},
	"limit": 
	{
		"limiteron": 1,
		"threshold": -3.1842990000000002126512299582827836275100708007812
	},
	"eq": 
	{
		"eqallon": 1,
		"eqgain1": 3.3529509999999995706332356348866596817970275878906,
		"eqq1": 0.58276900000000009249845334124984219670295715332031,
		"eqfreq1": 109.64267699999999194915289990603923797607421875,
		"eqbandon1": 1,
		"eqbandop1": 1,
		"eqgain2": -4.411770000000000635509422863833606243133544921875,
		"eqq2": 4,
		"eqfreq2": 320.39303599999993821256794035434722900390625,
		"eqbandon2": 1,
		"eqgain3": 6.1764600000000005053379936725832521915435791015625,
		"eqq3": 4,
		"eqfreq3": 2013.554320999999845298589207231998443603515625,
		"eqbandon3": 1,
		"eqgain4": 6.8823600000000002552269506850279867649078369140625,
		"eqq4": 0.62961700000000009325162864115554839372634887695312,
		"eqfreq4": 6545.8286130000005869078449904918670654296875,
		"eqbandon4": 1,
		"eqbandop4": 1
	}
}