{
	"filter": 
	{
		"hpf": 43.71669399999999683359419577755033969879150390625
	},
	"gate": 
	{
		"on": 1,
		"keylisten": 0,
		"expander": 1,
		"keyfilter": 2071.85644499999989420757628977298736572265625,
		"threshold": -36.56469299999999833516994840465486049652099609375,
		"range": -33.1743550000000055888449423946440219879150390625,
		"attack": 0.00049700000000000015432793931680066634726244956254959,
		"release": 0.50636699999999990051691156622837297618389129638672
	},
	"comp": 
	{
		"on": 1,
		"softknee": 0,
		"automode": 1,
		"threshold": -21.960792999999995345206116326153278350830078125,
		"ratio": 4.7235730000000000217141860048286616802215576171875,
		"attack": 0.0056580000000000007023825965291052852990105748176575,
		"release": 0.23266300000000000869349037202482577413320541381836,
		"gain": 5.490183999999999286956153810024261474609375
	},
	"limit": 
	{
		"limiteron": 1,
		"threshold": -3.1842990000000002126512299582827836275100708007812
	},
	"eq": 
	{
		"eqallon": 1,
		"eqgain1": -7.5882300000000002526689968362916260957717895507812,
		"eqq1": 0.58276900000000009249845334124984219670295715332031,
		"eqfreq1": 92.4490590000000196369001059792935848236083984375,
		"eqbandon1": 1,
		"eqbandop1": 1,
		"eqgain2": 7.470600000000001017497197608463466167449951171875,
		"eqq2": 4,
		"eqfreq2": 243.54109199999999191277311183512210845947265625,
		"eqbandon2": 1,
		"eqgain3": 4.0588210000000000121644916362129151821136474609375,
		"eqq3": 4,
		"eqfreq3": 2013.554320999999845298589207231998443603515625,
		"eqbandon3": 1,
		"eqgain4": 8.764708999999999861074684304185211658477783203125,
		"eqq4": 0.62961700000000009325162864115554839372634887695312,
		"eqfreq4": 4994.881836000000475905835628509521484375,
		"eqbandon4": 1,
		"eqbandop4": 0
	}
}