{
	"filter": 
	{
		"hpf": 242.016647000000006073605618439614772796630859375
	},
	"gate": 
	{
		"on": 1,
		"keylisten": 0,
		"expander": 1,
		"keyfilter": 7197.4614260000007561757229268550872802734375,
		"threshold": -49.4117389999999971905708662234246730804443359375,
		"range": -27.042630999999996532778823166154325008392333984375,
		"attack": 2.0000000000000008412324656315028903463826281949878e-05,
		"release": 0.065354000000000009307221660037612309679388999938965
	},
	"comp": 
	{
		"on": 1,
		"softknee": 0,
		"automode": 1,
		"threshold": -25.25488100000000457612259197048842906951904296875,
		"ratio": 2.339940999999999604597178404219448566436767578125,
		"attack": 0.00043700000000000015958415144901039184333058074116707,
		"release": 0.11683400000000002116884445513278478756546974182129,
		"gain": 3.18430000000000035242919693700969219207763671875
	},
	"limit": 
	{
		"limiteron": 0,
		"threshold": -3.1842990000000002126512299582827836275100708007812
	},
	"eq": 
	{
		"eqallon": 1,
		"eqgain1": -6.8823600000000002552269506850279867649078369140625,
		"eqq1": 0.58276900000000009249845334124984219670295715332031,
		"eqfreq1": 152.6777339999999867359292693436145782470703125,
		"eqbandon1": 1,
		"eqbandop1": 1,
		"eqgain2": -4.7647199999999996222754816699307411909103393554688,
		"eqq2": 4,
		"eqfreq2": 532.4268189999999094652594067156314849853515625,
		"eqbandon2": 1,
		"eqgain3": 2.0588089999999996670965174416778609156608581542969,
		"eqq3": 4,
		"eqfreq3": 2926.54394499999989420757628977298736572265625,
		"eqbandon3": 1,
		"eqgain4": 5.9411700000000005061906449554953724145889282226562,
		"eqq4": 0.32237800000000010891554325098695699125528335571289,
		"eqfreq4": 5746.7143549999991591903381049633026123046875,
		"eqbandon4": 1,
		"eqbandop4": 0
	}
}