{
	"filter": 
	{
		"hpf": 24
	},
	"gate": 
	{
		"on": 0,
		"keylisten": 0,
		"expander": 0,
		"keyfilter": 42.92133700000000118279785965569317340850830078125,
		"threshold": -84,
		"range": 0,
		"attack": 2.0000000000000008412324656315028903463826281949878e-05,
		"release": 0.081808000000000005713651773930905619636178016662598
	},
	"comp": 
	{
		"on": 1,
		"softknee": 0,
		"automode": 1,
		"threshold": -14.054882000000000985551196208689361810684204101562,
		"ratio": 5.3214610000000002187903191952500492334365844726562,
		"attack": 0.00021500000000000007603292995206345494807465001940727,
		"release": 0.048520000000000007567280135845066979527473449707031,
		"gain": 3.8431400000000000005684341886080801486968994140625
	},
	"limit": 
	{
		"limiteron": 1,
		"threshold": -3.8431400000000000005684341886080801486968994140625
	},
	"eq": 
	{
		"eqallon": 1,
		"eqgain1": -0.058830000000000014226397837546755908988416194915771,
		"eqq1": 0.62961700000000009325162864115554839372634887695312,
		"eqfreq1": 135.358688000000029205693863332271575927734375,
		"eqbandon1": 0,
		"eqbandop1": 0,
		"eqgain2": -3.8235300000000003173283857904607430100440979003906,
		"eqq2": 4,
		"eqfreq2": 233.84350599999999076317180879414081573486328125,
		"eqbandon2": 1,
		"eqgain3": -5.4705900000000005078959475213196128606796264648438,
		"eqq3": 4,
		"eqfreq3": 504.28350799999992659650160931050777435302734375,
		"eqbandon3": 1,
		"eqgain4": 0.17646000000000003349320820689172251150012016296387,
		"eqq4": 0.62961700000000009325162864115554839372634887695312,
		"eqfreq4": 2286.95629899999994449899531900882720947265625,
		"eqbandon4": 0,
		"eqbandop4": 0
	}
}