{
	"filter": 
	{
		"hpf": 113.1187589999999971723809721879661083221435546875
	},
	"gate": 
	{
		"on": 0,
		"keylisten": 0,
		"expander": 0,
		"keyfilter": 41.92450699999999841338649275712668895721435546875,
		"threshold": -84,
		"range": 0,
		"attack": 0.00032400000000000006919465000976288138190284371376038,
		"release": 0.1881850000000000189270821238096687011420726776123
	},
	"comp": 
	{
		"on": 1,
		"softknee": 0,
		"automode": 1,
		"threshold": -13.176464000000001064449861587490886449813842773438,
		"ratio": 2.2611630000000002560511802585097029805183410644531,
		"attack": 0.0019010000000000005625916399409902624029200524091721,
		"release": 0.052806000000000012650769320998733746819198131561279,
		"gain": 5.8196039999999999992041921359486877918243408203125
	},
	"limit": 
	{
		"limiteron": 0,
		"threshold": 0
	},
	"eq": 
	{
		"eqallon": 1,
		"eqgain1": -4.0588199999999998723865246574860066175460815429688,
		"eqq1": 0.48758000000000006890488180033571552485227584838867,
		"eqfreq1": 101.186027999999993198798620142042636871337890625,
		"eqbandon1": 1,
		"eqbandop1": 1,
		"eqgain2": 0.52941099999999996494892684495425783097743988037109,
		"eqq2": 4,
		"eqfreq2": 347.5168149999999513966031372547149658203125,
		"eqbandon2": 0,
		"eqgain3": 0.76470000000000015738521597086219117045402526855469,
		"eqq3": 4,
		"eqfreq3": 1471.989745999999968262272886931896209716796875,
		"eqbandon3": 0,
		"eqgain4": 2.1764699999999996826716142095392569899559020996094,
		"eqq4": 0.19193900000000005401368241564341587945818901062012,
		"eqfreq4": 3589.125732000000425614416599273681640625,
		"eqbandon4": 1,
		"eqbandop4": 0
	}
}