{
	"filter": 
	{
		"hpf": 113.1187589999999971723809721879661083221435546875
	},
	"gate": 
	{
		"on": 0,
		"keylisten": 0,
		"expander": 0,
		"keyfilter": 41.92450699999999841338649275712668895721435546875,
		"threshold": -84,
		"range": 0,
		"attack": 0.00032400000000000006919465000976288138190284371376038,
		"release": 0.1881850000000000189270821238096687011420726776123
	},
	"comp": 
	{
		"on": 1,
		"softknee": 0,
		"automode": 1,
		"threshold": -13.176464000000001064449861587490886449813842773438,
		"ratio": 2.2611630000000002560511802585097029805183410644531,
		"attack": 0.0019010000000000005625916399409902624029200524091721,
		"release": 0.052806000000000012650769320998733746819198131561279,
		"gain": 5.8196039999999999992041921359486877918243408203125
	},
	"limit": 
	{
		"limiteron": 0,
		"threshold": 0
	},
	"eq": 
	{
		"eqallon": 1,
		"eqgain1": -7.9411800000000001276134753425139933824539184570312,
		"eqq1": 0.25566200000000000036592950891645159572362899780273,
		"eqfreq1": 111.8650439999999974816091707907617092132568359375,
		"eqbandon1": 1,
		"eqbandop1": 1,
		"eqgain2": -7.1176499999999993661958797019906342029571533203125,
		"eqq2": 4,
		"eqfreq2": 243.54109199999999191277311183512210845947265625,
		"eqbandon2": 1,
		"eqgain3": 2.6470510000000002648334884725045412778854370117188,
		"eqq3": 4,
		"eqfreq3": 2514.8955080000005182228051126003265380859375,
		"eqbandon3": 1,
		"eqgain4": 3.5882399999999998740918272233102470636367797851562,
		"eqq4": 0.19971600000000006014388986841368023306131362915039,
		"eqfreq4": 5862.978026999999201507307589054107666015625,
		"eqbandon4": 1,
		"eqbandop4": 1
	}
}