{
	"filter": 
	{
		"hpf": 113.1187589999999971723809721879661083221435546875
	},
	"gate": 
	{
		"on": 1,
		"keylisten": 0,
		"expander": 1,
		"keyfilter": 2330.1186520000001110020093619823455810546875,
		"threshold": -49.08237500000000608224581810645759105682373046875,
		"range": -17.736208000000001305807018070481717586517333984375,
		"attack": 5.6000000000000026265014468895842014717345591634512e-05,
		"release": 0.050000000000000009714451465470119728706777095794678
	},
	"comp": 
	{
		"on": 1,
		"softknee": 0,
		"automode": 1,
		"threshold": -21.0823749999999989768184605054557323455810546875,
		"ratio": 2.1888770000000001836326646298402920365333557128906,
		"attack": 0.0019010000000000005625916399409902624029200524091721,
		"release": 0.05423100000000001530420234985285787843167781829834,
		"gain": 5.8196039999999999992041921359486877918243408203125
	},
	"limit": 
	{
		"limiteron": 1,
		"threshold": -3.9529269999999998574935489159543067216873168945312
	},
	"eq": 
	{
		"eqallon": 1,
		"eqgain1": -4.1764799999999997481836544466204941272735595703125,
		"eqq1": 0.20376300000000002743405502769746817648410797119141,
		"eqfreq1": 75.6403959999999955243765725754201412200927734375,
		"eqbandon1": 1,
		"eqbandop1": 1,
		"eqgain2": -3.4705799999999999982946974341757595539093017578125,
		"eqq2": 4,
		"eqfreq2": 333.6788940000000138752511702477931976318359375,
		"eqbandon2": 1,
		"eqgain3": 2.6470510000000002648334884725045412778854370117188,
		"eqq3": 4,
		"eqfreq3": 2296.2497560000001612934283912181854248046875,
		"eqbandon3": 1,
		"eqgain4": 3.5882399999999998740918272233102470636367797851562,
		"eqq4": 0.19971600000000006014388986841368023306131362915039,
		"eqfreq4": 4429.246094000000084633938968181610107421875,
		"eqbandon4": 1,
		"eqbandop4": 1
	}
}