{
	"filter": 
	{
		"hpf": 24
	},
	"gate": 
	{
		"on": 0,
		"keylisten": 0,
		"expander": 0,
		"keyfilter": 40,
		"threshold": -84,
		"range": 0,
		"attack": 2.0000000000000008412324656315028903463826281949878e-05,
		"release": 0.050000000000000009714451465470119728706777095794678
	},
	"comp": 
	{
		"on": 1,
		"softknee": 0,
		"automode": 1,
		"threshold": -13.615672999999999248643689497839659452438354492188,
		"ratio": 1.8976309999999998456843286476214416325092315673828,
		"attack": 0.0019010000000000005625916399409902624029200524091721,
		"release": 0.05423100000000001530420234985285787843167781829834,
		"gain": 5.8196039999999999992041921359486877918243408203125
	},
	"limit": 
	{
		"limiteron": 1,
		"threshold": -3.9529269999999998574935489159543067216873168945312
	},
	"eq": 
	{
		"eqallon": 1,
		"eqgain1": -0.17646000000000003349320820689172251150012016296387,
		"eqq1": 0.53875000000000006217248937900876626372337341308594,
		"eqfreq1": 36,
		"eqbandon1": 0,
		"eqbandop1": 0,
		"eqgain2": -0.41175099999999997812949459330411627888679504394531,
		"eqq2": 4,
		"eqfreq2": 99.6226579999999870551619096659123897552490234375,
		"eqbandon2": 0,
		"eqgain3": -4.2941099999999989833554536744486540555953979492188,
		"eqq3": 4,
		"eqfreq3": 1993.305419999999912761268205940723419189453125,
		"eqbandon3": 1,
		"eqgain4": 0.058830000000000014226397837546755908988416194915771,
		"eqq4": 0.57150199999999995448263234720798209309577941894531,
		"eqfreq4": 1400,
		"eqbandon4": 0,
		"eqbandop4": 0
	}
}