{
	"filter": 
	{
		"hpf": 24
	},
	"gate": 
	{
		"on": 1,
		"keylisten": 0,
		"expander": 1,
		"keyfilter": 40,
		"threshold": -53.36469299999999549299900536425411701202392578125,
		"range": -20.4902129999999971232682582922279834747314453125,
		"attack": 0.00026600000000000006885464420847142719139810651540756,
		"release": 0.37291100000000004799360908691596705466508865356445
	},
	"comp": 
	{
		"on": 1,
		"softknee": 0,
		"automode": 1,
		"threshold": -10.980369999999998853468241577502340078353881835938,
		"ratio": 1.1293770000000000752748974264250136911869049072266,
		"attack": 0.0010290000000000004004574449822939641308039426803589,
		"release": 0.051472000000000010799805494343672762624919414520264,
		"gain": 3.2941160000000002661124653968727216124534606933594
	},
	"limit": 
	{
		"limiteron": 0,
		"threshold": 0
	},
	"eq": 
	{
		"eqallon": 1,
		"eqgain1": 2.7647090000000003051638941542478278279304504394531,
		"eqq1": 0.21217900000000000648725517748971469700336456298828,
		"eqfreq1": 120.0042270000000144136720336973667144775390625,
		"eqbandon1": 1,
		"eqbandop1": 0,
		"eqgain2": -3.1176610000000000155750967678613960742950439453125,
		"eqq2": 4,
		"eqfreq2": 243.54109199999999191277311183512210845947265625,
		"eqbandon2": 1,
		"eqgain3": -2.7647100000000004449418611329747363924980163574219,
		"eqq3": 4,
		"eqfreq3": 1895.085448999999925945303402841091156005859375,
		"eqbandon3": 1,
		"eqgain4": 0.17646000000000003349320820689172251150012016296387,
		"eqq4": 0.61763300000000009859491001407150179147720336914062,
		"eqfreq4": 4798.737792999998418963514268398284912109375,
		"eqbandon4": 0,
		"eqbandop4": 0
	}
}