{
	"filter": 
	{
		"hpf": 24
	},
	"gate": 
	{
		"on": 0,
		"keylisten": 0,
		"expander": 0,
		"keyfilter": 40,
		"threshold": -84,
		"range": 0,
		"attack": 2.0000000000000008412324656315028903463826281949878e-05,
		"release": 0.068854000000000012415846128988050622865557670593262
	},
	"comp": 
	{
		"on": 1,
		"softknee": 1,
		"automode": 1,
		"threshold": -10.980369999999998853468241577502340078353881835938,
		"ratio": 1.4379339999999996013713143838685937225818634033203,
		"attack": 0.0010290000000000004004574449822939641308039426803589,
		"release": 0.051472000000000010799805494343672762624919414520264,
		"gain": 3.2941160000000002661124653968727216124534606933594
	},
	"limit": 
	{
		"limiteron": 0,
		"threshold": 0
	},
	"eq": 
	{
		"eqallon": 1,
		"eqgain1": 2.7647110000000005847198281117016449570655822753906,
		"eqq1": 0.20999100000000003873878995364066213369369506835938,
		"eqfreq1": 119.39172400000001061926013790071010589599609375,
		"eqbandon1": 1,
		"eqbandop1": 0,
		"eqgain2": -3.1176610000000000155750967678613960742950439453125,
		"eqq2": 4,
		"eqfreq2": 243.54109199999999191277311183512210845947265625,
		"eqbandon2": 1,
		"eqgain3": 2.15526799999999951751306070946156978607177734375,
		"eqq3": 4,
		"eqfreq3": 2490.3703610000002299784682691097259521484375,
		"eqbandon3": 1,
		"eqgain4": 2.8764249999999993434585121576674282550811767578125,
		"eqq4": 0.61763300000000009859491001407150179147720336914062,
		"eqfreq4": 9760.47851599999921745620667934417724609375,
		"eqbandon4": 1,
		"eqbandop4": 0
	}
}