{
	"filter": 
	{
		"hpf": 24
	},
	"gate": 
	{
		"on": 0,
		"keylisten": 0,
		"expander": 0,
		"keyfilter": 40,
		"threshold": -84,
		"range": 0,
		"attack": 2.0000000000000008412324656315028903463826281949878e-05,
		"release": 0.069603000000000025959678850995260290801525115966797
	},
	"comp": 
	{
		"on": 1,
		"softknee": 0,
		"automode": 1,
		"threshold": -16.909817000000000319914761348627507686614990234375,
		"ratio": 1.4323949999999998627941977247246541082859039306641,
		"attack": 0.0010290000000000004004574449822939641308039426803589,
		"release": 0.051472000000000010799805494343672762624919414520264,
		"gain": 3.2941160000000002661124653968727216124534606933594
	},
	"limit": 
	{
		"limiteron": 0,
		"threshold": 0
	},
	"eq": 
	{
		"eqallon": 1,
		"eqgain1": 2.7647090000000003051638941542478278279304504394531,
		"eqq1": 0.21217900000000000648725517748971469700336456298828,
		"eqfreq1": 120.0042270000000144136720336973667144775390625,
		"eqbandon1": 1,
		"eqbandop1": 0,
		"eqgain2": -2.1764699999999996826716142095392569899559020996094,
		"eqq2": 4,
		"eqfreq2": 243.54109199999999191277311183512210845947265625,
		"eqbandon2": 1,
		"eqgain3": -0.058830000000000014226397837546755908988416194915771,
		"eqq3": 4,
		"eqfreq3": 1371.456909000000223386450670659542083740234375,
		"eqbandon3": 0,
		"eqgain4": 1.9411809999999998233022324711782857775688171386719,
		"eqq4": 0.61763300000000009859491001407150179147720336914062,
		"eqfreq4": 9771.1875,
		"eqbandon4": 1,
		"eqbandop4": 1
	}
}