{
	"filter": 
	{
		"hpf": 61.1992070000000012441887520253658294677734375
	},
	"gate": 
	{
		"on": 1,
		"keylisten": 0,
		"expander": 1,
		"keyfilter": 1048.18395999999984269379638135433197021484375,
		"threshold": -62.58823399999999992360244505107402801513671875,
		"range": -30.75781400000000331829141941852867603302001953125,
		"attack": 0.00031200000000000010277195761076995950134005397558212,
		"release": 0.34226500000000004142464149481384083628654479980469
	},
	"comp": 
	{
		"on": 1,
		"softknee": 0,
		"automode": 1,
		"threshold": -15.152927000000000035129232855979353189468383789062,
		"ratio": 1.6919309999999998517239419015822932124137878417969,
		"attack": 0.00065500000000000020011770018868446641135960817337036,
		"release": 0.07272000000000002073452520789942354895174503326416,
		"gain": 3.0745119999999999116369053808739408850669860839844
	},
	"limit": 
	{
		"limiteron": 0,
		"threshold": -3.8431400000000000005684341886080801486968994140625
	},
	"eq": 
	{
		"eqallon": 1,
		"eqgain1": 0.058830000000000014226397837546755908988416194915771,
		"eqq1": 0.60583400000000009466560868531814776360988616943359,
		"eqfreq1": 128.735610999999977366314851678907871246337890625,
		"eqbandon1": 0,
		"eqbandop1": 0,
		"eqgain2": 3.5882399999999998740918272233102470636367797851562,
		"eqq2": 4,
		"eqfreq2": 430.14782700000006343543645925819873809814453125,
		"eqbandon2": 1,
		"eqgain3": 1.9411809999999998233022324711782857775688171386719,
		"eqq3": 4,
		"eqfreq3": 1399.457642000000078041921369731426239013671875,
		"eqbandon3": 1,
		"eqgain4": 2.5294189999999998619273355870973318815231323242188,
		"eqq4": 0.14138700000000001266720062176318606361746788024902,
		"eqfreq4": 4170.9306640000004335888661444187164306640625,
		"eqbandon4": 1,
		"eqbandop4": 1
	}
}