{
	"filter": 
	{
		"hpf": 75.106132999999999810825102031230926513671875
	},
	"gate": 
	{
		"on": 1,
		"keylisten": 0,
		"expander": 1,
		"keyfilter": 1048.18395999999984269379638135433197021484375,
		"threshold": -54.02350600000000468980942969210445880889892578125,
		"range": -30.75781400000000331829141941852867603302001953125,
		"attack": 0.00031200000000000010277195761076995950134005397558212,
		"release": 0.34226500000000004142464149481384083628654479980469
	},
	"comp": 
	{
		"on": 1,
		"softknee": 1,
		"automode": 1,
		"threshold": -15.152927000000000035129232855979353189468383789062,
		"ratio": 1.8812400000000000233058017329312860965728759765625,
		"attack": 0.00065500000000000020011770018868446641135960817337036,
		"release": 0.07272000000000002073452520789942354895174503326416,
		"gain": 3.0745119999999999116369053808739408850669860839844
	},
	"limit": 
	{
		"limiteron": 1,
		"threshold": -3.8431400000000000005684341886080801486968994140625
	},
	"eq": 
	{
		"eqallon": 1,
		"eqgain1": -3.9411900000000001931255155795952305197715759277344,
		"eqq1": 0.22563300000000002798472564791154582053422927856445,
		"eqfreq1": 92.4490590000000196369001059792935848236083984375,
		"eqbandon1": 1,
		"eqbandop1": 0,
		"eqgain2": -0.41175099999999997812949459330411627888679504394531,
		"eqq2": 4,
		"eqfreq2": 313.949706999999989420757628977298736572265625,
		"eqbandon2": 0,
		"eqgain3": -0.17646000000000003349320820689172251150012016296387,
		"eqq3": 4,
		"eqfreq3": 1399.457642000000078041921369731426239013671875,
		"eqbandon3": 0,
		"eqgain4": 2.5294189999999998619273355870973318815231323242188,
		"eqq4": 0.14138700000000001266720062176318606361746788024902,
		"eqfreq4": 2794.1459960000001956359483301639556884765625,
		"eqbandon4": 1,
		"eqbandop4": 1
	}
}