{
	"filter": 
	{
		"hpf": 111.476531999999991739969118498265743255615234375
	},
	"gate": 
	{
		"on": 1,
		"keylisten": 0,
		"expander": 1,
		"keyfilter": 2171.53759800000034374534152448177337646484375,
		"threshold": -54.35295500000000146201273309998214244842529296875,
		"range": 0,
		"attack": 0.00016900000000000004211561654976492263813270255923271,
		"release": 0.30128700000000002701128209992020856589078903198242
	},
	"comp": 
	{
		"on": 1,
		"softknee": 0,
		"automode": 1,
		"threshold": -13.396099000000001311150299443397670984268188476562,
		"ratio": 3.1274330000000003515481239446671679615974426269531,
		"attack": 0.00097400000000000036461805796861312956025358289480209,
		"release": 0.06916800000000002113242913992507965303957462310791,
		"gain": 4.6117680000000005335891728464048355817794799804688
	},
	"limit": 
	{
		"limiteron": 1,
		"threshold": -3.0745110000000002159481482522096484899520874023438
	},
	"eq": 
	{
		"eqallon": 1,
		"eqgain1": 0.52941099999999996494892684495425783097743988037109,
		"eqq1": 0.61763300000000009859491001407150179147720336914062,
		"eqfreq1": 134.0075679999999920255504548549652099609375,
		"eqbandon1": 0,
		"eqbandop1": 0,
		"eqgain2": 0.52941099999999996494892684495425783097743988037109,
		"eqq2": 4,
		"eqfreq2": 307.635986000000002604792825877666473388671875,
		"eqbandon2": 0,
		"eqgain3": 2.0588089999999996670965174416778609156608581542969,
		"eqq3": 4,
		"eqfreq3": 3729.84179700000049706432037055492401123046875,
		"eqbandon3": 1,
		"eqgain4": 2.0588089999999996670965174416778609156608581542969,
		"eqq4": 0.12764800000000001145572525729221524670720100402832,
		"eqfreq4": 5862.978026999999201507307589054107666015625,
		"eqbandon4": 1,
		"eqbandop4": 1
	}
}