{
	"filter": 
	{
		"hpf": 111.476531999999991739969118498265743255615234375
	},
	"gate": 
	{
		"on": 1,
		"keylisten": 0,
		"expander": 1,
		"keyfilter": 3237.699219000000084633938968181610107421875,
		"threshold": -54.35295500000000146201273309998214244842529296875,
		"range": 0,
		"attack": 0.00016900000000000004211561654976492263813270255923271,
		"release": 0.77000800000000002576427959866123273968696594238281
	},
	"comp": 
	{
		"on": 1,
		"softknee": 0,
		"automode": 1,
		"threshold": -13.396099000000001311150299443397670984268188476562,
		"ratio": 3.1126419999999992427319739363156259059906005859375,
		"attack": 0.0044060000000000010614287226928809104720130562782288,
		"release": 0.096096000000000042495784668972191866487264633178711,
		"gain": 4.6117680000000005335891728464048355817794799804688
	},
	"limit": 
	{
		"limiteron": 1,
		"threshold": -3.0745110000000002159481482522096484899520874023438
	},
	"eq": 
	{
		"eqallon": 1,
		"eqgain1": 0.52941099999999996494892684495425783097743988037109,
		"eqq1": 0.61763300000000009859491001407150179147720336914062,
		"eqfreq1": 134.0075679999999920255504548549652099609375,
		"eqbandon1": 0,
		"eqbandop1": 0,
		"eqgain2": -3,
		"eqq2": 4,
		"eqfreq2": 152.6308589999999867359292693436145782470703125,
		"eqbandon2": 1,
		"eqgain3": 2.0588089999999996670965174416778609156608581542969,
		"eqq3": 4,
		"eqfreq3": 3729.84179700000049706432037055492401123046875,
		"eqbandon3": 1,
		"eqgain4": 2.0588089999999996670965174416778609156608581542969,
		"eqq4": 0.12764800000000001145572525729221524670720100402832,
		"eqfreq4": 11469.399413999999524094164371490478515625,
		"eqbandon4": 1,
		"eqbandop4": 1
	}
}