{
	"filter": 
	{
		"hpf": 24
	},
	"gate": 
	{
		"on": 1,
		"keylisten": 0,
		"expander": 1,
		"keyfilter": 120.6857529999999911751729086972773075103759765625,
		"threshold": -32.9411889999999942801878205500543117523193359375,
		"range": -33.1743550000000055888449423946440219879150390625,
		"attack": 0.00025500000000000012673889715486552631773520261049271,
		"release": 0.4922660000000000368736152722703991457819938659668
	},
	"comp": 
	{
		"on": 1,
		"softknee": 0,
		"automode": 1,
		"threshold": -13.396099000000001311150299443397670984268188476562,
		"ratio": 1.5209420000000000161577418111846782267093658447266,
		"attack": 0.0014140000000000005429129368295093627239111810922623,
		"release": 0.057363000000000011202594407677679555490612983703613,
		"gain": 5.2705799999999998206590134941507130861282348632812
	},
	"limit": 
	{
		"limiteron": 1,
		"threshold": 0
	},
	"eq": 
	{
		"eqallon": 1,
		"eqgain1": 4.0588210000000000121644916362129151821136474609375,
		"eqq1": 0.27231100000000002525624154259276110678911209106445,
		"eqfreq1": 68.4193500000000085492501966655254364013671875,
		"eqbandon1": 1,
		"eqbandop1": 0,
		"eqgain2": -7.470600000000001017497197608463466167449951171875,
		"eqq2": 4,
		"eqfreq2": 146.55323800000002165688783861696720123291015625,
		"eqbandon2": 1,
		"eqgain3": 3.7058699999999999974420461512636393308639526367188,
		"eqq3": 0.1000000000000000055511151231257827021181583404541,
		"eqfreq3": 1612.1495359999998981948010623455047607421875,
		"eqbandon3": 1,
		"eqgain4": 1.5882300000000000306243919112603180110454559326172,
		"eqq4": 0.29628800000000005132605451763083692640066146850586,
		"eqfreq4": 3553.36352500000020881998352706432342529296875,
		"eqbandon4": 1,
		"eqbandop4": 0
	}
}