{
	"filter": 
	{
		"hpf": 24
	},
	"gate": 
	{
		"on": 1,
		"keylisten": 0,
		"expander": 1,
		"keyfilter": 120.6857529999999911751729086972773075103759765625,
		"threshold": -47.435303000000004658431862480938434600830078125,
		"range": -33.1743550000000055888449423946440219879150390625,
		"attack": 0.00025500000000000012673889715486552631773520261049271,
		"release": 0.6326710000000002054321157629601657390594482421875
	},
	"comp": 
	{
		"on": 1,
		"softknee": 0,
		"automode": 1,
		"threshold": -13.396099000000001311150299443397670984268188476562,
		"ratio": 1.5209420000000000161577418111846782267093658447266,
		"attack": 0.00092100000000000037739256164570633700350299477577209,
		"release": 0.091120000000000034301450568818836472928524017333984,
		"gain": 5.2705799999999998206590134941507130861282348632812
	},
	"limit": 
	{
		"limiteron": 0,
		"threshold": 0
	},
	"eq": 
	{
		"eqallon": 1,
		"eqgain1": -2.5294200000000000017053025658242404460906982421875,
		"eqq1": 1.2727979999999998739212969667278230190277099609375,
		"eqfreq1": 78.7378010000000045920387492515146732330322265625,
		"eqbandon1": 1,
		"eqbandop1": 0,
		"eqgain2": -3.9411900000000001931255155795952305197715759277344,
		"eqq2": 4,
		"eqfreq2": 266.85525499999999965439201332628726959228515625,
		"eqbandon2": 1,
		"eqgain3": -0.41175099999999997812949459330411627888679504394531,
		"eqq3": 4,
		"eqfreq3": 1612.1495359999998981948010623455047607421875,
		"eqbandon3": 0,
		"eqgain4": -2.7647100000000004449418611329747363924980163574219,
		"eqq4": 0.29628800000000005132605451763083692640066146850586,
		"eqfreq4": 2794.1459960000001956359483301639556884765625,
		"eqbandon4": 1,
		"eqbandop4": 0
	}
}