{
	"filter": 
	{
		"hpf": 76.2128680000000002792148734442889690399169921875
	},
	"gate": 
	{
		"on": 1,
		"keylisten": 0,
		"expander": 1,
		"keyfilter": 2071.85644499999989420757628977298736572265625,
		"threshold": -49.4117389999999971905708662234246730804443359375,
		"range": -33.1743550000000055888449423946440219879150390625,
		"attack": 0.00027700000000000011939060851062777146580629050731659,
		"release": 0.24164300000000002444089375330804614350199699401855
	},
	"comp": 
	{
		"on": 1,
		"softknee": 0,
		"automode": 1,
		"threshold": -21.960792999999995345206116326153278350830078125,
		"ratio": 2.71611299999999999954525264911353588104248046875,
		"attack": 0.0026130000000000007387424005855791619978845119476318,
		"release": 0.25523699999999993615062976459739729762077331542969,
		"gain": 5.490183999999999286956153810024261474609375
	},
	"limit": 
	{
		"limiteron": 0,
		"threshold": -2.9646949999999998581756699422840029001235961914062
	},
	"eq": 
	{
		"eqallon": 1,
		"eqgain1": -3.588241000000000013869794202037155628204345703125,
		"eqq1": 0.58276900000000009249845334124984219670295715332031,
		"eqfreq1": 92.4490590000000196369001059792935848236083984375,
		"eqbandon1": 1,
		"eqbandop1": 1,
		"eqgain2": 3.9411890000000000533475486008683219552040100097656,
		"eqq2": 4,
		"eqfreq2": 168.94944800000001805528881959617137908935546875,
		"eqbandon2": 1,
		"eqgain3": 4.411770000000000635509422863833606243133544921875,
		"eqq3": 4,
		"eqfreq3": 2013.554320999999845298589207231998443603515625,
		"eqbandon3": 1,
		"eqgain4": 3.5882399999999998740918272233102470636367797851562,
		"eqq4": 0.62961700000000009325162864115554839372634887695312,
		"eqfreq4": 5095.9384769999987838673405349254608154296875,
		"eqbandon4": 1,
		"eqbandop4": 1
	}
}