{
	"filter": 
	{
		"hpf": 92.1732709999999855199348530732095241546630859375
	},
	"gate": 
	{
		"on": 1,
		"keylisten": 0,
		"expander": 1,
		"keyfilter": 2071.85644499999989420757628977298736572265625,
		"threshold": -36.56469299999999833516994840465486049652099609375,
		"range": -33.1743550000000055888449423946440219879150390625,
		"attack": 0.00049700000000000015432793931680066634726244956254959,
		"release": 0.50636699999999990051691156622837297618389129638672
	},
	"comp": 
	{
		"on": 1,
		"softknee": 0,
		"automode": 1,
		"threshold": -21.960792999999995345206116326153278350830078125,
		"ratio": 2.8640529999999997379234173422446474432945251464844,
		"attack": 0.0023930000000000005953848525308558237156830728054047,
		"release": 0.10317700000000000482014428371257963590323925018311,
		"gain": 5.709816000000000002501110429875552654266357421875
	},
	"limit": 
	{
		"limiteron": 1,
		"threshold": -3.1842990000000002126512299582827836275100708007812
	},
	"eq": 
	{
		"eqallon": 1,
		"eqgain1": 1.3529400000000000314770431941724382340908050537109,
		"eqq1": 0.58276900000000009249845334124984219670295715332031,
		"eqfreq1": 108.5482180000000056452336139045655727386474609375,
		"eqbandon1": 1,
		"eqbandop1": 1,
		"eqgain2": -0.76470000000000015738521597086219117045402526855469,
		"eqq2": 4,
		"eqfreq2": 238.64340199999998048951965756714344024658203125,
		"eqbandon2": 0,
		"eqgain3": 6.529410999999999631882019457407295703887939453125,
		"eqq3": 4,
		"eqfreq3": 2897.11352500000020881998352706432342529296875,
		"eqbandon3": 1,
		"eqgain4": 5.000009999999999621422830387018620967864990234375,
		"eqq4": 0.62961700000000009325162864115554839372634887695312,
		"eqfreq4": 6611.708007999999608728103339672088623046875,
		"eqbandon4": 1,
		"eqbandop4": 0
	}
}