{
	"filter": 
	{
		"hpf": 55.24347300000000160480340127833187580108642578125
	},
	"gate": 
	{
		"on": 1,
		"keylisten": 0,
		"expander": 1,
		"keyfilter": 323.76565599999997857594280503690242767333984375,
		"threshold": -28.658782999999999674400896765291690826416015625,
		"range": -33.1743550000000055888449423946440219879150390625,
		"attack": 2.0000000000000008412324656315028903463826281949878e-05,
		"release": 0.38548200000000010234657565888483077287673950195312
	},
	"comp": 
	{
		"on": 1,
		"softknee": 0,
		"automode": 1,
		"threshold": -14.054882000000000985551196208689361810684204101562,
		"ratio": 1.9900899999999999145927631616359576582908630371094,
		"attack": 0.0021860000000000004427569422205124283209443092346191,
		"release": 0.22194500000000005890399279451230540871620178222656,
		"gain": 5.709816000000000002501110429875552654266357421875
	},
	"limit": 
	{
		"limiteron": 1,
		"threshold": -3.1842990000000002126512299582827836275100708007812
	},
	"eq": 
	{
		"eqallon": 1,
		"eqgain1": 2.6470510000000002648334884725045412778854370117188,
		"eqq1": 0.58276900000000009249845334124984219670295715332031,
		"eqfreq1": 95.274169999999998026396497152745723724365234375,
		"eqbandon1": 1,
		"eqbandop1": 1,
		"eqgain2": -2.1764699999999996826716142095392569899559020996094,
		"eqq2": 4,
		"eqfreq2": 236.231261999999986755938152782618999481201171875,
		"eqbandon2": 1,
		"eqgain3": 2.4117599999999996818189629266271367669105529785156,
		"eqq3": 4,
		"eqfreq3": 1428.034911999999849285813979804515838623046875,
		"eqbandon3": 1,
		"eqgain4": 3.7058699999999999974420461512636393308639526367188,
		"eqq4": 0.62961700000000009325162864115554839372634887695312,
		"eqfreq4": 4298.1523440000009941286407411098480224609375,
		"eqbandon4": 1,
		"eqbandop4": 1
	}
}