{
	"filter": 
	{
		"hpf": 231.62660199999999122155713848769664764404296875
	},
	"gate": 
	{
		"on": 0,
		"keylisten": 0,
		"expander": 0,
		"keyfilter": 1023.8402709999999160572770051658153533935546875,
		"threshold": -25.035278000000001696889739832840859889984130859375,
		"range": -33.1743550000000055888449423946440219879150390625,
		"attack": 2.0000000000000008412324656315028903463826281949878e-05,
		"release": 0.38548200000000010234657565888483077287673950195312
	},
	"comp": 
	{
		"on": 1,
		"softknee": 0,
		"automode": 1,
		"threshold": -23.05883800000000150021151057444512844085693359375,
		"ratio": 2.1516370000000000217710294236894696950912475585938,
		"attack": 0.0021860000000000004427569422205124283209443092346191,
		"release": 0.1368620000000000114237508341830107383430004119873,
		"gain": 3.18430000000000035242919693700969219207763671875
	},
	"limit": 
	{
		"limiteron": 0,
		"threshold": -3.1842990000000002126512299582827836275100708007812
	},
	"eq": 
	{
		"eqallon": 1,
		"eqgain1": -13.588229999999999364490577136166393756866455078125,
		"eqq1": 0.58276900000000009249845334124984219670295715332031,
		"eqfreq1": 158.9297490000000152576831169426441192626953125,
		"eqbandon1": 1,
		"eqbandop1": 1,
		"eqgain2": -4.1764799999999997481836544466204941272735595703125,
		"eqq2": 4,
		"eqfreq2": 202.8453670000000101936166174709796905517578125,
		"eqbandon2": 1,
		"eqgain3": 4.647059999999999746478351880796253681182861328125,
		"eqq3": 4,
		"eqfreq3": 2075.53710900000032779644243419170379638671875,
		"eqbandon3": 0,
		"eqgain4": 6.2941209999999996327346707403194159269332885742188,
		"eqq4": 0.62961700000000009325162864115554839372634887695312,
		"eqfreq4": 4088.21484399999962988658808171749114990234375,
		"eqbandon4": 1,
		"eqbandop4": 1
	}
}