{
	"filter": 
	{
		"hpf": 24
	},
	"gate": 
	{
		"on": 0,
		"keylisten": 0,
		"expander": 0,
		"keyfilter": 49.41935000000000144382283906452357769012451171875,
		"threshold": -84,
		"range": -3.0873820000000002927720288425916805863380432128906,
		"attack": 2.0000000000000008412324656315028903463826281949878e-05,
		"release": 0.065354000000000009307221660037612309679388999938965
	},
	"comp": 
	{
		"on": 1,
		"softknee": 0,
		"automode": 1,
		"threshold": -11.63920999999999850160747882910072803497314453125,
		"ratio": 2.4887130000000001750493083818582817912101745605469,
		"attack": 0.0093840000000000034496849821152864024043083190917969,
		"release": 0.16812700000000002642508434291812591254711151123047,
		"gain": 3.18430000000000035242919693700969219207763671875
	},
	"limit": 
	{
		"limiteron": 1,
		"threshold": -3.2941150000000001263344984181458130478858947753906
	},
	"eq": 
	{
		"eqallon": 1,
		"eqgain1": 0.058830000000000014226397837546755908988416194915771,
		"eqq1": 0.58276900000000009249845334124984219670295715332031,
		"eqfreq1": 42.26895100000000837781044538132846355438232421875,
		"eqbandon1": 0,
		"eqbandop1": 0,
		"eqgain2": -3.235291000000000138925315695814788341522216796875,
		"eqq2": 4,
		"eqfreq2": 258.84564200000005484980647452175617218017578125,
		"eqbandon2": 1,
		"eqgain3": 0.29412100000000002131272935912420507520437240600586,
		"eqq3": 4,
		"eqfreq3": 2926.54394499999989420757628977298736572265625,
		"eqbandon3": 0,
		"eqgain4": -0.76470000000000015738521597086219117045402526855469,
		"eqq4": 0.61763300000000009859491001407150179147720336914062,
		"eqfreq4": 5746.7143549999991591903381049633026123046875,
		"eqbandon4": 0,
		"eqbandop4": 0
	}
}