{
	"filter": 
	{
		"hpf": 24
	},
	"gate": 
	{
		"on": 0,
		"keylisten": 0,
		"expander": 0,
		"keyfilter": 49.41935000000000144382283906452357769012451171875,
		"threshold": -84,
		"range": -3.0873820000000002927720288425916805863380432128906,
		"attack": 2.0000000000000008412324656315028903463826281949878e-05,
		"release": 0.065354000000000009307221660037612309679388999938965
	},
	"comp": 
	{
		"on": 1,
		"softknee": 0,
		"automode": 1,
		"threshold": -10.101951999999998932366906956303864717483520507812,
		"ratio": 4.7235730000000000217141860048286616802215576171875,
		"attack": 0.0093840000000000034496849821152864024043083190917969,
		"release": 0.16812700000000002642508434291812591254711151123047,
		"gain": 3.18430000000000035242919693700969219207763671875
	},
	"limit": 
	{
		"limiteron": 0,
		"threshold": 0
	},
	"eq": 
	{
		"eqallon": 1,
		"eqgain1": 0.058830000000000014226397837546755908988416194915771,
		"eqq1": 0.58276900000000009249845334124984219670295715332031,
		"eqfreq1": 42.26895100000000837781044538132846355438232421875,
		"eqbandon1": 0,
		"eqbandop1": 0,
		"eqgain2": -5.8235399999999994946620063274167478084564208984375,
		"eqq2": 4,
		"eqfreq2": 229.140838999999999714418663643300533294677734375,
		"eqbandon2": 1,
		"eqgain3": -5.5882200000000006312461664492730051279067993164062,
		"eqq3": 4,
		"eqfreq3": 557.910888999999997395207174122333526611328125,
		"eqbandon3": 1,
		"eqgain4": 1.5882300000000000306243919112603180110454559326172,
		"eqq4": 0.59421100000000004470734893402550369501113891601562,
		"eqfreq4": 2264.162841999999727704562246799468994140625,
		"eqbandon4": 1,
		"eqbandop4": 0
	}
}