{
	"filter": 
	{
		"hpf": 59.43492499999999978399500832892954349517822265625
	},
	"gate": 
	{
		"on": 0,
		"keylisten": 0,
		"expander": 0,
		"keyfilter": 40,
		"threshold": -84,
		"range": 0,
		"attack": 2.0000000000000008412324656315028903463826281949878e-05,
		"release": 0.050000000000000009714451465470119728706777095794678
	},
	"comp": 
	{
		"on": 1,
		"softknee": 1,
		"automode": 1,
		"threshold": -13.615672999999999248643689497839659452438354492188,
		"ratio": 1.5475489999999998413926505236304365098476409912109,
		"attack": 0.0019010000000000005625916399409902624029200524091721,
		"release": 0.05423100000000001530420234985285787843167781829834,
		"gain": 2.7450920000000000875672867550747469067573547363281
	},
	"limit": 
	{
		"limiteron": 0,
		"threshold": 0
	},
	"eq": 
	{
		"eqallon": 1,
		"eqgain1": -0.17646000000000003349320820689172251150012016296387,
		"eqq1": 0.53875000000000006217248937900876626372337341308594,
		"eqfreq1": 36,
		"eqbandon1": 0,
		"eqbandop1": 0,
		"eqgain2": -1.3529409999999999492104052478680387139320373535156,
		"eqq2": 4,
		"eqfreq2": 229.140838999999999714418663643300533294677734375,
		"eqbandon2": 1,
		"eqgain3": 2.2941280000000001670912297413451597094535827636719,
		"eqq3": 4,
		"eqfreq3": 3047.26733400000011897645890712738037109375,
		"eqbandon3": 1,
		"eqgain4": 3.1176610000000000155750967678613960742950439453125,
		"eqq4": 0.1957760000000000333297833776668994687497615814209,
		"eqfreq4": 2908.3615720000007058843038976192474365234375,
		"eqbandon4": 1,
		"eqbandop4": 1
	}
}