{
	"filter": 
	{
		"hpf": 59.43492499999999978399500832892954349517822265625
	},
	"gate": 
	{
		"on": 0,
		"keylisten": 0,
		"expander": 0,
		"keyfilter": 40,
		"threshold": -84,
		"range": 0,
		"attack": 2.0000000000000008412324656315028903463826281949878e-05,
		"release": 0.050000000000000009714451465470119728706777095794678
	},
	"comp": 
	{
		"on": 1,
		"softknee": 0,
		"automode": 1,
		"threshold": -13.615672999999999248643689497839659452438354492188,
		"ratio": 2.0218889999999998252633304218761622905731201171875,
		"attack": 0.00021200000000000005732220254017761362774763256311417,
		"release": 0.045660000000000013076206784035093733109533786773682,
		"gain": 3.7333240000000005309743755788076668977737426757812
	},
	"limit": 
	{
		"limiteron": 1,
		"threshold": -3.2941150000000001263344984181458130478858947753906
	},
	"eq": 
	{
		"eqallon": 1,
		"eqgain1": 0.17646000000000003349320820689172251150012016296387,
		"eqq1": 0.60583400000000009466560868531814776360988616943359,
		"eqfreq1": 38.61931600000000486261342302896082401275634765625,
		"eqbandon1": 0,
		"eqbandop1": 0,
		"eqgain2": -3.588241000000000013869794202037155628204345703125,
		"eqq2": 4,
		"eqfreq2": 229.140838999999999714418663643300533294677734375,
		"eqbandon2": 1,
		"eqgain3": 2.6470510000000002648334884725045412778854370117188,
		"eqq3": 4,
		"eqfreq3": 3141.07055700000046272180043160915374755859375,
		"eqbandon3": 1,
		"eqgain4": 3,
		"eqq4": 0.1957760000000000333297833776668994687497615814209,
		"eqfreq4": 4798.737792999998418963514268398284912109375,
		"eqbandon4": 1,
		"eqbandop4": 1
	}
}