{
	"filter": 
	{
		"hpf": 47.0335960000000028458089218474924564361572265625
	},
	"gate": 
	{
		"on": 0,
		"keylisten": 0,
		"expander": 0,
		"keyfilter": 40,
		"threshold": -84,
		"range": -2.0872140000000003468016984697896987199783325195312,
		"attack": 3.5000000000000010486403412279798885720083490014076e-05,
		"release": 0.065354000000000009307221660037612309679388999938965
	},
	"comp": 
	{
		"on": 1,
		"softknee": 0,
		"automode": 1,
		"threshold": -15.811767999999998934868017386179417371749877929688,
		"ratio": 1.1310959999999998792930000490741804242134094238281,
		"attack": 0.0010290000000000004004574449822939641308039426803589,
		"release": 0.051472000000000010799805494343672762624919414520264,
		"gain": 3.2941160000000002661124653968727216124534606933594
	},
	"limit": 
	{
		"limiteron": 0,
		"threshold": 0
	},
	"eq": 
	{
		"eqallon": 1,
		"eqgain1": 0.058830000000000014226397837546755908988416194915771,
		"eqq1": 0.65412900000000018252421796205453574657440185546875,
		"eqfreq1": 41.8470339999999936253516352735459804534912109375,
		"eqbandon1": 0,
		"eqbandop1": 0,
		"eqgain2": 0.41177900000000000613198380960966460406780242919922,
		"eqq2": 4,
		"eqfreq2": 344.0043329999999741630745120346546173095703125,
		"eqbandon2": 0,
		"eqgain3": 1.9411809999999998233022324711782857775688171386719,
		"eqq3": 4,
		"eqfreq3": 2183.103759999999965657480061054229736328125,
		"eqbandon3": 1,
		"eqgain4": 4.2941089999999997317559063958469778299331665039062,
		"eqq4": 0.23517099999999999115907201030495343729853630065918,
		"eqfreq4": 8078.0410160000001269509084522724151611328125,
		"eqbandon4": 1,
		"eqbandop4": 1
	}
}