{
	"filter": 
	{
		"hpf": 24
	},
	"gate": 
	{
		"on": 0,
		"keylisten": 0,
		"expander": 0,
		"keyfilter": 40,
		"threshold": -84,
		"range": 0,
		"attack": 2.6000000000000008564329800897496625111671164631844e-05,
		"release": 0.067388000000000003453237695794086903333663940429688
	},
	"comp": 
	{
		"on": 1,
		"softknee": 0,
		"automode": 1,
		"threshold": -20.717766000000001014313966152258217334747314453125,
		"ratio": 1.5505530000000000701021463100914843380451202392578,
		"attack": 0.0013860000000000002959993361528745481336954981088638,
		"release": 0.089826000000000030820679342014045687392354011535645,
		"gain": 3.2941160000000002661124653968727216124534606933594
	},
	"limit": 
	{
		"limiteron": 0,
		"threshold": 0
	},
	"eq": 
	{
		"eqallon": 1,
		"eqgain1": 2.04472200000000015052137314341962337493896484375,
		"eqq1": 0.22121800000000005348432807750214124098420143127441,
		"eqfreq1": 132.257598999999999023202690295875072479248046875,
		"eqbandon1": 1,
		"eqbandop1": 0,
		"eqgain2": 0.76352300000000006274802899497444741427898406982422,
		"eqq2": 4,
		"eqfreq2": 112.5485379999999935307641862891614437103271484375,
		"eqbandon2": 0,
		"eqgain3": -2.4588329999999998243254140106728300452232360839844,
		"eqq3": 4,
		"eqfreq3": 1193.28832999999985986505635082721710205078125,
		"eqbandon3": 1,
		"eqgain4": -3.1587970000000002990248049172805622220039367675781,
		"eqq4": 0.20774700000000004274092191280942643061280250549316,
		"eqfreq4": 9622.600586000000475905835628509521484375,
		"eqbandon4": 1,
		"eqbandop4": 1
	}
}