{
	"filter": 
	{
		"hpf": 24
	},
	"gate": 
	{
		"on": 0,
		"keylisten": 0,
		"expander": 0,
		"keyfilter": 47.15079899999999923920768196694552898406982421875,
		"threshold": -84,
		"range": 0,
		"attack": 2.6000000000000008564329800897496625111671164631844e-05,
		"release": 0.06743100000000001870148480520583689212799072265625
	},
	"comp": 
	{
		"on": 1,
		"softknee": 0,
		"automode": 1,
		"threshold": -20.643111999999998573684933944605290889739990234375,
		"ratio": 1.9071509999999998186126504151616245508193969726562,
		"attack": 0.0014140000000000005429129368295093627239111810922623,
		"release": 0.089524000000000034105163138065108796581625938415527,
		"gain": 3.2941160000000002661124653968727216124534606933594
	},
	"limit": 
	{
		"limiteron": 0,
		"threshold": 0
	},
	"eq": 
	{
		"eqallon": 1,
		"eqgain1": -15,
		"eqq1": 0.22563300000000002798472564791154582053422927856445,
		"eqfreq1": 87.9257809999999864203346078284084796905517578125,
		"eqbandon1": 1,
		"eqbandop1": 0,
		"eqgain2": 0.76470000000000015738521597086219117045402526855469,
		"eqq2": 4,
		"eqfreq2": 112.5373459999999994352037901990115642547607421875,
		"eqbandon2": 0,
		"eqgain3": -3.588241000000000013869794202037155628204345703125,
		"eqq3": 4,
		"eqfreq3": 2986.29467799999974886304698884487152099609375,
		"eqbandon3": 1,
		"eqgain4": 5.8235399999999994946620063274167478084564208984375,
		"eqq4": 0.20791600000000004522249241745157632976770401000977,
		"eqfreq4": 2356.71459999999979118001647293567657470703125,
		"eqbandon4": 1,
		"eqbandop4": 1
	}
}