{
	"filter": 
	{
		"hpf": 116.4766010000000022728272597305476665496826171875
	},
	"gate": 
	{
		"on": 1,
		"keylisten": 0,
		"expander": 1,
		"keyfilter": 3727.88940400000001318403519690036773681640625,
		"threshold": -55.670578000000006113623385317623615264892578125,
		"range": -84,
		"attack": 0.00011300000000000003617939281497228876105509698390961,
		"release": 0.20687800000000000633093577562249265611171722412109
	},
	"comp": 
	{
		"on": 1,
		"softknee": 0,
		"automode": 1,
		"threshold": -9.6627430000000007481730790459550917148590087890625,
		"ratio": 2.099002999999999730107447248883545398712158203125,
		"attack": 0.00073500000000000019310941734573816574993543326854706,
		"release": 0.045251000000000013434586776384094264358282089233398,
		"gain": 2.964695999999999997953636921010911464691162109375
	},
	"limit": 
	{
		"limiteron": 1,
		"threshold": -4.2823490000000008492975211993325501680374145507812
	},
	"eq": 
	{
		"eqallon": 1,
		"eqgain1": -3.3529499999999994308552686561597511172294616699219,
		"eqq1": 0.1957760000000000333297833776668994687497615814209,
		"eqfreq1": 82.78865799999999808278516866266727447509765625,
		"eqbandon1": 1,
		"eqbandop1": 0,
		"eqgain2": 2.6470510000000002648334884725045412778854370117188,
		"eqq2": 4,
		"eqfreq2": 714.8150629999998955099727027118206024169921875,
		"eqbandon2": 1,
		"eqgain3": 2.7647090000000003051638941542478278279304504394531,
		"eqq3": 4,
		"eqfreq3": 1595.941528000000062093022279441356658935546875,
		"eqbandon3": 1,
		"eqgain4": 3.3529509999999995706332356348866596817970275878906,
		"eqq4": 0.17761400000000002186162362249888246878981590270996,
		"eqfreq4": 2219.262694999999439460225403308868408203125,
		"eqbandon4": 1,
		"eqbandop4": 1
	}
}