{
	"filter": 
	{
		"hpf": 280.1347660000000132640707306563854217529296875
	},
	"gate": 
	{
		"on": 1,
		"keylisten": 0,
		"expander": 1,
		"keyfilter": 3727.88940400000001318403519690036773681640625,
		"threshold": -55.670578000000006113623385317623615264892578125,
		"range": -84,
		"attack": 0.00011300000000000003617939281497228876105509698390961,
		"release": 0.45095099999999999074162815304589457809925079345703
	},
	"comp": 
	{
		"on": 1,
		"softknee": 0,
		"automode": 1,
		"threshold": -9.6627430000000007481730790459550917148590087890625,
		"ratio": 2.0990039999999998698854142276104539632797241210938,
		"attack": 0.00073500000000000019310941734573816574993543326854706,
		"release": 0.045251000000000013434586776384094264358282089233398,
		"gain": 2.964695999999999997953636921010911464691162109375
	},
	"limit": 
	{
		"limiteron": 1,
		"threshold": -4.2823490000000008492975211993325501680374145507812
	},
	"eq": 
	{
		"eqallon": 1,
		"eqgain1": -3.3529499999999994308552686561597511172294616699219,
		"eqq1": 0.15095900000000003760014521958510158583521842956543,
		"eqfreq1": 202.201629999999994424797478131949901580810546875,
		"eqbandon1": 1,
		"eqbandop1": 1,
		"eqgain2": 0.76470000000000015738521597086219117045402526855469,
		"eqq2": 4,
		"eqfreq2": 340.52801499999992529410519637167453765869140625,
		"eqbandon2": 0,
		"eqgain3": 2.7647090000000003051638941542478278279304504394531,
		"eqq3": 4,
		"eqfreq3": 4611.665039000001343083567917346954345703125,
		"eqbandon3": 1,
		"eqgain4": 1.8235189999999998899937736496212892234325408935547,
		"eqq4": 0.17761400000000002186162362249888246878981590270996,
		"eqfreq4": 4945.1127930000002379529178142547607421875,
		"eqbandon4": 1,
		"eqbandop4": 1
	}
}