{
	"filter": 
	{
		"hpf": 178.01263399999999137435224838554859161376953125
	},
	"gate": 
	{
		"on": 0,
		"keylisten": 0,
		"expander": 0,
		"keyfilter": 40,
		"threshold": -84,
		"range": 0,
		"attack": 2.0000000000000008412324656315028903463826281949878e-05,
		"release": 0.050000000000000009714451465470119728706777095794678
	},
	"comp": 
	{
		"on": 1,
		"softknee": 1,
		"automode": 1,
		"threshold": -20.42353399999999652436599717475473880767822265625,
		"ratio": 5.4704670000000010787744031404145061969757080078125,
		"attack": 0.00020000000000000006379445582904708089699852280318737,
		"release": 0.047487000000000001431743612556601874530315399169922,
		"gain": 4.0627439999999994668655745044816285371780395507812
	},
	"limit": 
	{
		"limiteron": 1,
		"threshold": -3.0745110000000002159481482522096484899520874023438
	},
	"eq": 
	{
		"eqallon": 1,
		"eqgain1": 0.52941099999999996494892684495425783097743988037109,
		"eqq1": 0.61763300000000009859491001407150179147720336914062,
		"eqfreq1": 134.0075679999999920255504548549652099609375,
		"eqbandon1": 0,
		"eqbandop1": 0,
		"eqgain2": 0.64707000000000014505729950542445294559001922607422,
		"eqq2": 4,
		"eqfreq2": 333.6788940000000138752511702477931976318359375,
		"eqbandon2": 0,
		"eqgain3": -2.5294200000000000017053025658242404460906982421875,
		"eqq3": 4,
		"eqfreq3": 2956.26342799999974886304698884487152099609375,
		"eqbandon3": 1,
		"eqgain4": 2.0588089999999996670965174416778609156608581542969,
		"eqq4": 0.12764800000000001145572525729221524670720100402832,
		"eqfreq4": 4341.41064499999993131496012210845947265625,
		"eqbandon4": 1,
		"eqbandop4": 1
	}
}