{
	"filter": 
	{
		"hpf": 178.01263399999999137435224838554859161376953125
	},
	"gate": 
	{
		"on": 0,
		"keylisten": 0,
		"expander": 0,
		"keyfilter": 40,
		"threshold": -84,
		"range": 0,
		"attack": 2.0000000000000008412324656315028903463826281949878e-05,
		"release": 0.050000000000000009714451465470119728706777095794678
	},
	"comp": 
	{
		"on": 1,
		"softknee": 0,
		"automode": 1,
		"threshold": -20.42353399999999652436599717475473880767822265625,
		"ratio": 3.4592749999999994336974395992001518607139587402344,
		"attack": 0.00061800000000000016812246039776823636202607303857803,
		"release": 0.047487000000000001431743612556601874530315399169922,
		"gain": 5.92942000000000035697667044587433338165283203125
	},
	"limit": 
	{
		"limiteron": 1,
		"threshold": -3.0745110000000002159481482522096484899520874023438
	},
	"eq": 
	{
		"eqallon": 0,
		"eqgain1": 0.52941099999999996494892684495425783097743988037109,
		"eqq1": 0.61763300000000009859491001407150179147720336914062,
		"eqfreq1": 134.0075679999999920255504548549652099609375,
		"eqbandon1": 0,
		"eqbandop1": 0,
		"eqgain2": 0.64707000000000014505729950542445294559001922607422,
		"eqq2": 4,
		"eqfreq2": 333.6788940000000138752511702477931976318359375,
		"eqbandon2": 0,
		"eqgain3": 0.058830000000000014226397837546755908988416194915771,
		"eqq3": 4,
		"eqfreq3": 1357.6685790000001361477188766002655029296875,
		"eqbandon3": 0,
		"eqgain4": -0.29412100000000002131272935912420507520437240600586,
		"eqq4": 0.56041299999999993897148442556499503552913665771484,
		"eqfreq4": 3967.207030999999915366061031818389892578125,
		"eqbandon4": 0,
		"eqbandop4": 0
	}
}