{
	"loaded_type": 0,
	"param0_val": 145.41599999999999681676854379475116729736328125,
	"param1_val": 1.0035969999999998503170672847772948443889617919922,
	"param2_val": 0.034176000000000011924683462893881369382143020629883,
	"param3_val": 0.50196099999999999052846533231786452233791351318359,
	"param4_val": 0.50196099999999999052846533231786452233791351318359,
	"param5_val": 0.50196099999999999052846533231786452233791351318359
}