{
	"loaded_type": 0,
	"param0_val": 349.95999100000000225918483920395374298095703125,
	"param1_val": 0.33412300000000005884004394829389639198780059814453,
	"param2_val": 0.14531400000000002648015140493953367695212364196777,
	"param3_val": 0.50196099999999999052846533231786452233791351318359,
	"param4_val": 0.50196099999999999052846533231786452233791351318359,
	"param5_val": 0.50196099999999999052846533231786452233791351318359
}