{
	"loaded_type": 0,
	"param0_val": 325,
	"param1_val": 0.33412300000000005884004394829389639198780059814453,
	"param2_val": 0.19184000000000003827160810487839626148343086242676,
	"param3_val": 0.50196099999999999052846533231786452233791351318359,
	"param4_val": 0.50196099999999999052846533231786452233791351318359,
	"param5_val": 0.50196099999999999052846533231786452233791351318359
}