{
	"loaded_type": 1,
	"param0_val": 500.3599850000000515137799084186553955078125,
	"param1_val": 0.33166700000000004511235829340876080095767974853516,
	"param2_val": 0.03713700000000001028022111881909950170665979385376,
	"param3_val": 734.1987920000001395237632095813751220703125,
	"param4_val": 6.2808000000000001605826582817826420068740844726562,
	"param5_val": 1.0322409999999999641318026988301426172256469726562
}