{
	"loaded_type": 2,
	"param0_val": 599.816039999999929932528175413608551025390625,
	"param1_val": 1.2461919999999999664197503079776652157306671142578,
	"param2_val": 0.74940000000000006608047442568931728601455688476562,
	"param3_val": 0.069936000000000025922375357367855031043291091918945,
	"param4_val": 0.15416900000000002823874467594578163698315620422363,
	"param5_val": 0.86470000000000013518075547835906036198139190673828
}