{
	"loaded_type": 3,
	"param0_val": 94.958404999999999063220457173883914947509765625,
	"param1_val": 0.49903800000000003711519980242883320897817611694336,
	"param2_val": 0.74940000000000006608047442568931728601455688476562,
	"param3_val": 0.22265500000000001956657058599375886842608451843262,
	"param4_val": 0.95290000000000008029132914089132100343704223632812,
	"param5_val": 1
}