{
	"loaded_type": 3,
	"param0_val": 790.28002900000001318403519690036773681640625,
	"param1_val": 1.0975459999999999105568804225185886025428771972656,
	"param2_val": 0.79315999999999997616129121524863876402378082275391,
	"param3_val": 0.22248500000000004384048679639818146824836730957031,
	"param4_val": 1,
	"param5_val": 0.50196099999999999052846533231786452233791351318359
}