{
	"loaded_type": 0,
	"param0_val": 115.431992000000008147253538481891155242919921875,
	"param1_val": 0.50204199999999998826893943260074593126773834228516,
	"param2_val": 0.013779000000000004785838392251662298804149031639099,
	"param3_val": 0.50196099999999999052846533231786452233791351318359,
	"param4_val": 0.50196099999999999052846533231786452233791351318359,
	"param5_val": 0.50196099999999999052846533231786452233791351318359
}