{
	"loaded_type": 0,
	"param0_val": 239.880005000000011250449460931122303009033203125,
	"param1_val": 1,
	"param2_val": 0.034176000000000011924683462893881369382143020629883,
	"param3_val": 0.50196099999999999052846533231786452233791351318359,
	"param4_val": 0.50196099999999999052846533231786452233791351318359,
	"param5_val": 0.50196099999999999052846533231786452233791351318359
}