{
	"loaded_type": 1,
	"param0_val": 394.760009999999965657480061054229736328125,
	"param1_val": 1.0035969999999998503170672847772948443889617919922,
	"param2_val": 0.032739000000000011147971434866121853701770305633545,
	"param3_val": 1069.944091999999955078237690031528472900390625,
	"param4_val": 14.256000000000000227373675443232059478759765625,
	"param5_val": 0.68260100000000023534596493846038356423377990722656
}