{
	"loaded_type": 2,
	"param0_val": 190.471984999999989440766512416303157806396484375,
	"param1_val": 0.25,
	"param2_val": 0.36900600000000005618261411655112169682979583740234,
	"param3_val": 0.16306300000000004124522945403441553935408592224121,
	"param4_val": 0.00838700000000000209232631220857001608237624168396,
	"param5_val": 1
}