{
	"loaded_type": 2,
	"param0_val": 634.8880000000000336513039655983448028564453125,
	"param1_val": 0.97477500000000005808686864838819019496440887451172,
	"param2_val": 1.0323959999999998693454017484327778220176696777344,
	"param3_val": 0.11518400000000002247890762419046950526535511016846,
	"param4_val": 0.038661000000000007859046746716558118350803852081299,
	"param5_val": 1
}