{
	"loaded_type": 2,
	"param0_val": 225.160003999999986490365699864923954010009765625,
	"param1_val": 0.33424600000000004307310064177727326750755310058594,
	"param2_val": 0.66036700000000003729638820004765875637531280517578,
	"param3_val": 0.4934760000000000812470091204886557534337043762207,
	"param4_val": 0.19184000000000003827160810487839626148343086242676,
	"param5_val": 1
}