{
	"loaded_type": 3,
	"param0_val": 330.1199950000000171712599694728851318359375,
	"param1_val": 1.0035969999999998503170672847772948443889617919922,
	"param2_val": 0.74923000000000006259881502046482637524604797363281,
	"param3_val": 0.010320000000000001047495423733835195889696478843689,
	"param4_val": 0.91372500000000012043699371133698150515556335449219,
	"param5_val": 0.50196099999999999052846533231786452233791351318359
}