{
	"loaded_type": 1,
	"param0_val": 0.49833100000000002394173748143657576292753219604492,
	"param1_val": 8.0635600000000007270273272297345101833343505859375,
	"param2_val": -13.848949999999998539124135277234017848968505859375,
	"param3_val": 0.50196099999999999052846533231786452233791351318359,
	"param4_val": 0.50196099999999999052846533231786452233791351318359,
	"param5_val": 0.50196099999999999052846533231786452233791351318359
}