{
	"loaded_type": 2,
	"param0_val": 0.92905100000000007121059297787724062800407409667969,
	"param1_val": 8.05698600000000197951521840877830982208251953125,
	"param2_val": -20.447055999999999897909219725988805294036865234375,
	"param3_val": 0.50196099999999999052846533231786452233791351318359,
	"param4_val": 0.50196099999999999052846533231786452233791351318359,
	"param5_val": 0.50196099999999999052846533231786452233791351318359
}