{
	"loaded_type": 3,
	"param0_val": 0.94764600000000009938361245076521299779415130615234,
	"param1_val": 16.8303760000000011132215149700641632080078125,
	"param2_val": -26.761683999999998917473931214772164821624755859375,
	"param3_val": 0.50196099999999999052846533231786452233791351318359,
	"param4_val": 0.50196099999999999052846533231786452233791351318359,
	"param5_val": 0.50196099999999999052846533231786452233791351318359
}