{
	"loaded_type": 4,
	"param0_val": 0.99705900000000002858513425962883047759532928466797,
	"param1_val": 6.36797599999999874853529036045074462890625,
	"param2_val": -23.11704800000000403770172852091491222381591796875,
	"param3_val": 0.50196099999999999052846533231786452233791351318359,
	"param4_val": 0.50196099999999999052846533231786452233791351318359,
	"param5_val": 0.50196099999999999052846533231786452233791351318359
}