{
	"loaded_type": 4,
	"param0_val": 1.3923540000000000915747477847617119550704956054688,
	"param1_val": 15.25264800000000064983396441675722599029541015625,
	"param2_val": -23.151213000000002040223989752121269702911376953125,
	"param3_val": 0.50196099999999999052846533231786452233791351318359,
	"param4_val": 0.50196099999999999052846533231786452233791351318359,
	"param5_val": 0.50196099999999999052846533231786452233791351318359
}