{
	"loaded_type": 5,
	"param0_val": 2.0009970000000003587103947211289778351783752441406,
	"param1_val": 11.811834000000001054786480381153523921966552734375,
	"param2_val": -35.921558000000004540197551250457763671875,
	"param3_val": 0.50196099999999999052846533231786452233791351318359,
	"param4_val": 0.50196099999999999052846533231786452233791351318359,
	"param5_val": 0.50196099999999999052846533231786452233791351318359
}