{
	"loaded_type": 6,
	"param0_val": 1.2750409999999998689190761069767177104949951171875,
	"param1_val": 53.104115000000007285052561201155185699462890625,
	"param2_val": -29.960780999999997220584191381931304931640625,
	"param3_val": 0.50196099999999999052846533231786452233791351318359,
	"param4_val": 0.50196099999999999052846533231786452233791351318359,
	"param5_val": 0.50196099999999999052846533231786452233791351318359
}