{
	"loaded_type": 7,
	"param0_val": 2.2046220000000000815987277746899053454399108886719,
	"param1_val": 30.47682999999999964302332955412566661834716796875,
	"param2_val": -30.4313810000000017907950677908957004547119140625,
	"param3_val": 0.50196099999999999052846533231786452233791351318359,
	"param4_val": 0.50196099999999999052846533231786452233791351318359,
	"param5_val": 0.50196099999999999052846533231786452233791351318359
}