{
	"loaded_type": 8,
	"param0_val": 1.8323570000000002355733386139036156237125396728516,
	"param1_val": 22.563317999999998875182427582331001758575439453125,
	"param2_val": -29.960780999999997220584191381931304931640625,
	"param3_val": 0.50196099999999999052846533231786452233791351318359,
	"param4_val": 0.50196099999999999052846533231786452233791351318359,
	"param5_val": 0.50196099999999999052846533231786452233791351318359
}