{
	"filter": 
	{
		"hpf": 24
	},
	"gate": 
	{
		"on": 1,
		"keylisten": 0,
		"expander": 1,
		"keyfilter": 212.1065370000000029904185794293880462646484375,
		"threshold": -29.31768000000000284899215330369770526885986328125,
		"range": -33.1743550000000055888449423946440219879150390625,
		"attack": 0.00046100000000000014663964487127145730482880026102066,
		"release": 0.37291100000000004799360908691596705466508865356445
	},
	"comp": 
	{
		"on": 1,
		"softknee": 0,
		"automode": 1,
		"threshold": -22.39999800000000362842911272309720516204833984375,
		"ratio": 2.5613920000000001131468252424383535981178283691406,
		"attack": 0.00058300000000000007632089404907560492574702948331833,
		"release": 0.13449500000000003119282609986839815974235534667969,
		"gain": 5.5999999999999996447286321199499070644378662109375
	},
	"limit": 
	{
		"limiteron": 1,
		"threshold": 0
	},
	"eq": 
	{
		"eqallon": 1,
		"eqgain1": 4.0588210000000000121644916362129151821136474609375,
		"eqq1": 0.60583400000000009466560868531814776360988616943359,
		"eqfreq1": 69.109366999999991776348906569182872772216796875,
		"eqbandon1": 1,
		"eqbandop1": 0,
		"eqgain2": -5.2353000000000005087485988042317330837249755859375,
		"eqq2": 4,
		"eqfreq2": 241.079452999999972462319419719278812408447265625,
		"eqbandon2": 1,
		"eqgain3": -0.058830000000000014226397837546755908988416194915771,
		"eqq3": 0.1000000000000000055511151231257827021181583404541,
		"eqfreq3": 1371.456909000000223386450670659542083740234375,
		"eqbandon3": 0,
		"eqgain4": 3.4705789999999998585167304554488509893417358398438,
		"eqq4": 0.29628800000000005132605451763083692640066146850586,
		"eqfreq4": 3057.7033689999998387065716087818145751953125,
		"eqbandon4": 1,
		"eqbandop4": 0
	}
}