{
	"filter": 
	{
		"hpf": 24
	},
	"gate": 
	{
		"on": 1,
		"keylisten": 0,
		"expander": 1,
		"keyfilter": 120.6857529999999911751729086972773075103759765625,
		"threshold": -40.84701499999999896317603997886180877685546875,
		"range": -33.1743550000000055888449423946440219879150390625,
		"attack": 7.7000000000000042043625525511885143714607693254948e-05,
		"release": 0.54964100000000015722179114163736812770366668701172
	},
	"comp": 
	{
		"on": 1,
		"softknee": 0,
		"automode": 1,
		"threshold": -13.615672999999999248643689497839659452438354492188,
		"ratio": 2.2666159999999999641318026988301426172256469726562,
		"attack": 0.00023800000000000006588653234107511025285930372774601,
		"release": 0.050838000000000015121681684604482143186032772064209,
		"gain": 3.2941160000000002661124653968727216124534606933594
	},
	"limit": 
	{
		"limiteron": 1,
		"threshold": -6.0392090000000013816361388307996094226837158203125
	},
	"eq": 
	{
		"eqallon": 1,
		"eqgain1": 4.411770000000000635509422863833606243133544921875,
		"eqq1": 0.49747800000000008679990060045383870601654052734375,
		"eqfreq1": 67.0601040000000097052179626189172267913818359375,
		"eqbandon1": 1,
		"eqbandop1": 1,
		"eqgain2": -9.7058699999999991092636264511384069919586181640625,
		"eqq2": 4,
		"eqfreq2": 149.560958999999996876795194111764430999755859375,
		"eqbandon2": 1,
		"eqgain3": 4.411770000000000635509422863833606243133544921875,
		"eqq3": 4,
		"eqfreq3": 1579.893187999999781823134981095790863037109375,
		"eqbandon3": 1,
		"eqgain4": 1.8235189999999998899937736496212892234325408935547,
		"eqq4": 0.3026080000000000436166658346337499096989631652832,
		"eqfreq4": 3413.82641600000033577089197933673858642578125,
		"eqbandon4": 1,
		"eqbandop4": 1
	}
}