{
	"filter": 
	{
		"hpf": 74.0157619999999951687641441822052001953125
	},
	"gate": 
	{
		"on": 1,
		"keylisten": 0,
		"expander": 1,
		"keyfilter": 1676.94909700000016528065316379070281982421875,
		"threshold": -36.56469299999999833516994840465486049652099609375,
		"range": -33.1743550000000055888449423946440219879150390625,
		"attack": 0.00026600000000000006885464420847142719139810651540756,
		"release": 0.47832900000000005968914251752721611410379409790039
	},
	"comp": 
	{
		"on": 1,
		"softknee": 0,
		"automode": 1,
		"threshold": -22.296786999999998357679942273534834384918212890625,
		"ratio": 2.5210930000000000283932877209736034274101257324219,
		"attack": 0.0021860000000000004427569422205124283209443092346191,
		"release": 0.10317700000000000482014428371257963590323925018311,
		"gain": 5.709816000000000002501110429875552654266357421875
	},
	"limit": 
	{
		"limiteron": 1,
		"threshold": -3.1842990000000002126512299582827836275100708007812
	},
	"eq": 
	{
		"eqallon": 1,
		"eqgain1": 1.3529400000000000314770431941724382340908050537109,
		"eqq1": 0.58276900000000009249845334124984219670295715332031,
		"eqfreq1": 108.5482180000000056452336139045655727386474609375,
		"eqbandon1": 1,
		"eqbandop1": 0,
		"eqgain2": -3.4705799999999999982946974341757595539093017578125,
		"eqq2": 4,
		"eqfreq2": 358.26925699999998187195160426199436187744140625,
		"eqbandon2": 1,
		"eqgain3": -2.1764699999999996826716142095392569899559020996094,
		"eqq3": 4,
		"eqfreq3": 1645.065674000000171872670762240886688232421875,
		"eqbandon3": 1,
		"eqgain4": 3.7058699999999999974420461512636393308639526367188,
		"eqq4": 0.62961700000000009325162864115554839372634887695312,
		"eqfreq4": 5576.612305000000560539774596691131591796875,
		"eqbandon4": 1,
		"eqbandop4": 0
	}
}