{
	"filter": 
	{
		"hpf": 88.2165220000000118716343422420322895050048828125
	},
	"gate": 
	{
		"on": 1,
		"keylisten": 0,
		"expander": 1,
		"keyfilter": 1023.8402709999999160572770051658153533935546875,
		"threshold": -25.035278000000001696889739832840859889984130859375,
		"range": -33.1743550000000055888449423946440219879150390625,
		"attack": 2.0000000000000008412324656315028903463826281949878e-05,
		"release": 0.38548200000000010234657565888483077287673950195312
	},
	"comp": 
	{
		"on": 1,
		"softknee": 0,
		"automode": 1,
		"threshold": -14.054882000000000985551196208689361810684204101562,
		"ratio": 1.9900899999999999145927631616359576582908630371094,
		"attack": 0.0021860000000000004427569422205124283209443092346191,
		"release": 0.22194500000000005890399279451230540871620178222656,
		"gain": 5.709816000000000002501110429875552654266357421875
	},
	"limit": 
	{
		"limiteron": 1,
		"threshold": -3.1842990000000002126512299582827836275100708007812
	},
	"eq": 
	{
		"eqallon": 1,
		"eqgain1": 2.6470510000000002648334884725045412778854370117188,
		"eqq1": 0.58276900000000009249845334124984219670295715332031,
		"eqfreq1": 124.918617000000011785232345573604106903076171875,
		"eqbandon1": 1,
		"eqbandop1": 0,
		"eqgain2": -4.1764799999999997481836544466204941272735595703125,
		"eqq2": 4,
		"eqfreq2": 457.179382000000032348907552659511566162109375,
		"eqbandon2": 1,
		"eqgain3": 4.647059999999999746478351880796253681182861328125,
		"eqq3": 4,
		"eqfreq3": 2075.53710900000032779644243419170379638671875,
		"eqbandon3": 1,
		"eqgain4": 1.9411809999999998233022324711782857775688171386719,
		"eqq4": 0.62961700000000009325162864115554839372634887695312,
		"eqfreq4": 4798.737792999998418963514268398284912109375,
		"eqbandon4": 1,
		"eqbandop4": 0
	}
}