{
	"filter": 
	{
		"hpf": 49.86733600000000166119207278825342655181884765625
	},
	"gate": 
	{
		"on": 0,
		"keylisten": 0,
		"expander": 0,
		"keyfilter": 1023.8402709999999160572770051658153533935546875,
		"threshold": -25.035278000000001696889739832840859889984130859375,
		"range": -33.1743550000000055888449423946440219879150390625,
		"attack": 2.0000000000000008412324656315028903463826281949878e-05,
		"release": 0.38548200000000010234657565888483077287673950195312
	},
	"comp": 
	{
		"on": 1,
		"softknee": 0,
		"automode": 1,
		"threshold": -13.396099000000001311150299443397670984268188476562,
		"ratio": 2.1516370000000000217710294236894696950912475585938,
		"attack": 0.0021860000000000004427569422205124283209443092346191,
		"release": 0.1368620000000000114237508341830107383430004119873,
		"gain": 3.18430000000000035242919693700969219207763671875
	},
	"limit": 
	{
		"limiteron": 0,
		"threshold": -3.1842990000000002126512299582827836275100708007812
	},
	"eq": 
	{
		"eqallon": 1,
		"eqgain1": -0.41175099999999997812949459330411627888679504394531,
		"eqq1": 0.58276900000000009249845334124984219670295715332031,
		"eqfreq1": 131.34497099999998681596480309963226318359375,
		"eqbandon1": 0,
		"eqbandop1": 0,
		"eqgain2": -2.0588099999999998068744844204047694802284240722656,
		"eqq2": 4,
		"eqfreq2": 320.39303599999993821256794035434722900390625,
		"eqbandon2": 1,
		"eqgain3": -1.8235209999999997254604977570124901831150054931641,
		"eqq3": 4,
		"eqfreq3": 1645.065674000000171872670762240886688232421875,
		"eqbandon3": 1,
		"eqgain4": 4.0588210000000000121644916362129151821136474609375,
		"eqq4": 0.29628800000000005132605451763083692640066146850586,
		"eqfreq4": 2711.4467770000001110020093619823455810546875,
		"eqbandon4": 1,
		"eqbandop4": 1
	}
}