{
	"filter": 
	{
		"hpf": 113.1187589999999971723809721879661083221435546875
	},
	"gate": 
	{
		"on": 0,
		"keylisten": 0,
		"expander": 0,
		"keyfilter": 41.92450699999999841338649275712668895721435546875,
		"threshold": -84,
		"range": 0,
		"attack": 5.6000000000000026265014468895842014717345591634512e-05,
		"release": 0.050000000000000009714451465470119728706777095794678
	},
	"comp": 
	{
		"on": 1,
		"softknee": 0,
		"automode": 1,
		"threshold": -21.0823749999999989768184605054557323455810546875,
		"ratio": 3.9061379999999998879900431347778066992759704589844,
		"attack": 0.0019010000000000005625916399409902624029200524091721,
		"release": 0.05423100000000001530420234985285787843167781829834,
		"gain": 5.8196039999999999992041921359486877918243408203125
	},
	"limit": 
	{
		"limiteron": 1,
		"threshold": -3.9529269999999998574935489159543067216873168945312
	},
	"eq": 
	{
		"eqallon": 1,
		"eqgain1": -7.9411800000000001276134753425139933824539184570312,
		"eqq1": 0.25566200000000000036592950891645159572362899780273,
		"eqfreq1": 111.8650439999999974816091707907617092132568359375,
		"eqbandon1": 1,
		"eqbandop1": 1,
		"eqgain2": -7.1176499999999993661958797019906342029571533203125,
		"eqq2": 4,
		"eqfreq2": 243.54109199999999191277311183512210845947265625,
		"eqbandon2": 1,
		"eqgain3": 2.6470510000000002648334884725045412778854370117188,
		"eqq3": 4,
		"eqfreq3": 3405.56127900000001318403519690036773681640625,
		"eqbandon3": 1,
		"eqgain4": 3.5882399999999998740918272233102470636367797851562,
		"eqq4": 0.19971600000000006014388986841368023306131362915039,
		"eqfreq4": 5862.978026999999201507307589054107666015625,
		"eqbandon4": 1,
		"eqbandop4": 1
	}
}