{
	"filter": 
	{
		"hpf": 59.43492499999999978399500832892954349517822265625
	},
	"gate": 
	{
		"on": 0,
		"keylisten": 0,
		"expander": 0,
		"keyfilter": 40,
		"threshold": -84,
		"range": 0,
		"attack": 2.0000000000000008412324656315028903463826281949878e-05,
		"release": 0.050000000000000009714451465470119728706777095794678
	},
	"comp": 
	{
		"on": 1,
		"softknee": 1,
		"automode": 1,
		"threshold": -13.615672999999999248643689497839659452438354492188,
		"ratio": 1.6011820000000001051887466019252315163612365722656,
		"attack": 0.00041300000000000017252865802674932638183236122131348,
		"release": 0.07272000000000002073452520789942354895174503326416,
		"gain": 2.7450920000000000875672867550747469067573547363281
	},
	"limit": 
	{
		"limiteron": 0,
		"threshold": 0
	},
	"eq": 
	{
		"eqallon": 1,
		"eqgain1": 4.411770000000000635509422863833606243133544921875,
		"eqq1": 0.24011400000000002186162362249888246878981590270996,
		"eqfreq1": 412.252563000000009196810424327850341796875,
		"eqbandon1": 1,
		"eqbandop1": 0,
		"eqgain2": -3.588241000000000013869794202037155628204345703125,
		"eqq2": 4,
		"eqfreq2": 229.140838999999999714418663643300533294677734375,
		"eqbandon2": 1,
		"eqgain3": 4.176479000000000496584107168018817901611328125,
		"eqq3": 4,
		"eqfreq3": 3237.76123000000006868503987789154052734375,
		"eqbandon3": 1,
		"eqgain4": 3.2352889999999998593693817383609712123870849609375,
		"eqq4": 0.1957760000000000333297833776668994687497615814209,
		"eqfreq4": 4798.737792999998418963514268398284912109375,
		"eqbandon4": 1,
		"eqbandop4": 1
	}
}