{
	"filter": 
	{
		"hpf": 109.8577499999999957935870043002068996429443359375
	},
	"gate": 
	{
		"on": 1,
		"keylisten": 0,
		"expander": 1,
		"keyfilter": 1048.18395999999984269379638135433197021484375,
		"threshold": -54.02350600000000468980942969210445880889892578125,
		"range": -30.75781400000000331829141941852867603302001953125,
		"attack": 0.00031200000000000010277195761076995950134005397558212,
		"release": 0.34226500000000004142464149481384083628654479980469
	},
	"comp": 
	{
		"on": 1,
		"softknee": 0,
		"automode": 1,
		"threshold": -23.937256000000001421312845195643603801727294921875,
		"ratio": 2.4048649999999995863220192404696717858314514160156,
		"attack": 0.00065500000000000020011770018868446641135960817337036,
		"release": 0.07272000000000002073452520789942354895174503326416,
		"gain": 3.0745119999999999116369053808739408850669860839844
	},
	"limit": 
	{
		"limiteron": 1,
		"threshold": -3.8431400000000000005684341886080801486968994140625
	},
	"eq": 
	{
		"eqallon": 1,
		"eqgain1": 0.88236000000000003318234575999667868018150329589844,
		"eqq1": 0.58276900000000009249845334124984219670295715332031,
		"eqfreq1": 124.918617000000011785232345573604106903076171875,
		"eqbandon1": 0,
		"eqbandop1": 0,
		"eqgain2": 1.9411809999999998233022324711782857775688171386719,
		"eqq2": 4,
		"eqfreq2": 875.83782999999993990059010684490203857421875,
		"eqbandon2": 1,
		"eqgain3": -2.4117599999999996818189629266271367669105529785156,
		"eqq3": 4,
		"eqfreq3": 1801.710083000000167885445989668369293212890625,
		"eqbandon3": 1,
		"eqgain4": 4.647059999999999746478351880796253681182861328125,
		"eqq4": 0.1590270000000000294448909698985517024993896484375,
		"eqfreq4": 4047.47168000000010579242371022701263427734375,
		"eqbandon4": 1,
		"eqbandop4": 1
	}
}