{
	"filter": 
	{
		"hpf": 191.518859999999989440766512416303157806396484375
	},
	"gate": 
	{
		"on": 1,
		"keylisten": 0,
		"expander": 1,
		"keyfilter": 3237.699219000000084633938968181610107421875,
		"threshold": -54.35295500000000146201273309998214244842529296875,
		"range": 0,
		"attack": 0.00016900000000000004211561654976492263813270255923271,
		"release": 0.35438700000000006307132593974529299885034561157227
	},
	"comp": 
	{
		"on": 1,
		"softknee": 0,
		"automode": 1,
		"threshold": -13.396099000000001311150299443397670984268188476562,
		"ratio": 4.10879800000000017234924598596990108489990234375,
		"attack": 0.0019930000000000008472667012426882138242945075035095,
		"release": 0.073960000000000011843859226701169973239302635192871,
		"gain": 3.18430000000000035242919693700969219207763671875
	},
	"limit": 
	{
		"limiteron": 1,
		"threshold": -3.0745110000000002159481482522096484899520874023438
	},
	"eq": 
	{
		"eqallon": 1,
		"eqgain1": 0.52941099999999996494892684495425783097743988037109,
		"eqq1": 0.61763300000000009859491001407150179147720336914062,
		"eqfreq1": 134.0075679999999920255504548549652099609375,
		"eqbandon1": 0,
		"eqbandop1": 0,
		"eqgain2": -2.2941300000000004466471636987989768385887145996094,
		"eqq2": 4,
		"eqfreq2": 241.079452999999972462319419719278812408447265625,
		"eqbandon2": 1,
		"eqgain3": 2.0588089999999996670965174416778609156608581542969,
		"eqq3": 4,
		"eqfreq3": 2205.28076199999986783950589597225189208984375,
		"eqbandon3": 1,
		"eqgain4": 2.0588089999999996670965174416778609156608581542969,
		"eqq4": 0.12764800000000001145572525729221524670720100402832,
		"eqfreq4": 7997.5346680000002379529178142547607421875,
		"eqbandon4": 1,
		"eqbandop4": 1
	}
}