{
	"loaded_type": 0,
	"param0_val": 0.7982350000000000278532752417959272861480712890625,
	"param1_val": 0.50196099999999999052846533231786452233791351318359,
	"param2_val": 0.50196099999999999052846533231786452233791351318359,
	"param3_val": 0.50196099999999999052846533231786452233791351318359,
	"param4_val": 0.50196099999999999052846533231786452233791351318359,
	"param5_val": 0.50196099999999999052846533231786452233791351318359
}