{
	"loaded_type": 0,
	"param0_val": 0.9958819999999999339479472837410867214202880859375,
	"param1_val": 0.50196099999999999052846533231786452233791351318359,
	"param2_val": 0.50196099999999999052846533231786452233791351318359,
	"param3_val": 0.50196099999999999052846533231786452233791351318359,
	"param4_val": 0.50196099999999999052846533231786452233791351318359,
	"param5_val": 0.50196099999999999052846533231786452233791351318359
}