{
	"loaded_type": 1,
	"param0_val": 1.3367679999999999562732000413234345614910125732422,
	"param1_val": 3.5595819999999998017869984323624521493911743164062,
	"param2_val": -15.030037999999999343003764806780964136123657226562,
	"param3_val": 0.50196099999999999052846533231786452233791351318359,
	"param4_val": 0.50196099999999999052846533231786452233791351318359,
	"param5_val": 0.50196099999999999052846533231786452233791351318359
}