{
	"loaded_type": 1,
	"param0_val": 1.4447069999999999634354708177852444350719451904297,
	"param1_val": 8.6222440000000002413571564829908311367034912109375,
	"param2_val": -10.959764000000001615831024537328630685806274414062,
	"param3_val": 0.50196099999999999052846533231786452233791351318359,
	"param4_val": 0.50196099999999999052846533231786452233791351318359,
	"param5_val": 0.50196099999999999052846533231786452233791351318359
}