{
	"loaded_type": 1,
	"param0_val": 0.94963600000000003564792905308422632515430450439453,
	"param1_val": 7.1177639999999993136725606746040284633636474609375,
	"param2_val": -12.36449900000000212685336009599268436431884765625,
	"param3_val": 0.50196099999999999052846533231786452233791351318359,
	"param4_val": 0.50196099999999999052846533231786452233791351318359,
	"param5_val": 0.50196099999999999052846533231786452233791351318359
}