{
	"loaded_type": 2,
	"param0_val": 1.2953529999999999766657765576383098959922790527344,
	"param1_val": 2.1750899999999999678834683436434715986251831054688,
	"param2_val": -14.75293500000000079808160080574452877044677734375,
	"param3_val": 0.50196099999999999052846533231786452233791351318359,
	"param4_val": 0.50196099999999999052846533231786452233791351318359,
	"param5_val": 0.50196099999999999052846533231786452233791351318359
}