{
	"loaded_type": 2,
	"param0_val": 1.515375999999999834244590601883828639984130859375,
	"param1_val": 9.000716000000000605041350354440510272979736328125,
	"param2_val": -19.364703999999999695091901230625808238983154296875,
	"param3_val": 0.50196099999999999052846533231786452233791351318359,
	"param4_val": 0.50196099999999999052846533231786452233791351318359,
	"param5_val": 0.50196099999999999052846533231786452233791351318359
}