{
	"loaded_type": 3,
	"param0_val": 1.2801970000000000293738366963225416839122772216797,
	"param1_val": 21.025235999999996039377947454340755939483642578125,
	"param2_val": -32.7989920000000125810402096249163150787353515625,
	"param3_val": 0.50196099999999999052846533231786452233791351318359,
	"param4_val": 0.50196099999999999052846533231786452233791351318359,
	"param5_val": 0.50196099999999999052846533231786452233791351318359
}