{
	"loaded_type": 5,
	"param0_val": 0.82611199999999995746691183740040287375450134277344,
	"param1_val": 15.01125499999999846068021724931895732879638671875,
	"param2_val": -37.88235900000000100362740340642631053924560546875,
	"param3_val": 0.50196099999999999052846533231786452233791351318359,
	"param4_val": 0.50196099999999999052846533231786452233791351318359,
	"param5_val": 0.50196099999999999052846533231786452233791351318359
}