{
	"loaded_type": 5,
	"param0_val": 1.8376399999999999401723016489995643496513366699219,
	"param1_val": 78.0757519999999800575096742250025272369384765625,
	"param2_val": -34.66666000000000025238477974198758602142333984375,
	"param3_val": 0.50196099999999999052846533231786452233791351318359,
	"param4_val": 0.50196099999999999052846533231786452233791351318359,
	"param5_val": 0.50196099999999999052846533231786452233791351318359
}