{
	"loaded_type": 6,
	"param0_val": 0.87892500000000017834622667578514665365219116210938,
	"param1_val": 22.51522299999999887631929595954716205596923828125,
	"param2_val": -29.960780999999997220584191381931304931640625,
	"param3_val": 0.50196099999999999052846533231786452233791351318359,
	"param4_val": 0.50196099999999999052846533231786452233791351318359,
	"param5_val": 0.50196099999999999052846533231786452233791351318359
}