{
	"loaded_type": 6,
	"param0_val": 1.5621100000000001095656898542074486613273620605469,
	"param1_val": 15.584742000000000317072590405587106943130493164062,
	"param2_val": -29.960780999999997220584191381931304931640625,
	"param3_val": 0.50196099999999999052846533231786452233791351318359,
	"param4_val": 0.50196099999999999052846533231786452233791351318359,
	"param5_val": 0.50196099999999999052846533231786452233791351318359
}