{
	"loaded_type": 7,
	"param0_val": 2.6875120000000003450679741945350542664527893066406,
	"param1_val": 54.28392800000000306681613437831401824951171875,
	"param2_val": -32.23529800000000733462002244777977466583251953125,
	"param3_val": 0.50196099999999999052846533231786452233791351318359,
	"param4_val": 0.50196099999999999052846533231786452233791351318359,
	"param5_val": 0.50196099999999999052846533231786452233791351318359
}