{
	"loaded_type": 7,
	"param0_val": 4.3692280000000005557581062021199613809585571289062,
	"param1_val": 65.784653000000020028892322443425655364990234375,
	"param2_val": -32.23529800000000733462002244777977466583251953125,
	"param3_val": 0.50196099999999999052846533231786452233791351318359,
	"param4_val": 0.50196099999999999052846533231786452233791351318359,
	"param5_val": 0.50196099999999999052846533231786452233791351318359
}