{
	"loaded_type": 8,
	"param0_val": 0.74139800000000011248602049818146042525768280029297,
	"param1_val": 3.9582929999999998393889200087869539856910705566406,
	"param2_val": -29.960780999999997220584191381931304931640625,
	"param3_val": 0.50196099999999999052846533231786452233791351318359,
	"param4_val": 0.50196099999999999052846533231786452233791351318359,
	"param5_val": 0.50196099999999999052846533231786452233791351318359
}