{
	"loaded_type": 8,
	"param0_val": 0.99992900000000006777156613679835572838783264160156,
	"param1_val": 10.000000999999999251599547278601676225662231445312,
	"param2_val": -29.960780999999997220584191381931304931640625,
	"param3_val": 0.50196099999999999052846533231786452233791351318359,
	"param4_val": 0.50196099999999999052846533231786452233791351318359,
	"param5_val": 0.50196099999999999052846533231786452233791351318359
}