{
	"loaded_type": 8,
	"param0_val": 0.77872300000000005404388048191322013735771179199219,
	"param1_val": 5.6195709999999996497876963985618203878402709960938,
	"param2_val": -29.960780999999997220584191381931304931640625,
	"param3_val": 0.50196099999999999052846533231786452233791351318359,
	"param4_val": 0.50196099999999999052846533231786452233791351318359,
	"param5_val": 0.50196099999999999052846533231786452233791351318359
}