{
	"loaded_type": 2,
	"param0_val": 0.74651699999999998613731122532044537365436553955078,
	"param1_val": 1.752689000000000163481672643683850765228271484375,
	"param2_val": -15.27059200000000060981619753874838352203369140625,
	"param3_val": 0.50196099999999999052846533231786452233791351318359,
	"param4_val": 0.50196099999999999052846533231786452233791351318359,
	"param5_val": 0.50196099999999999052846533231786452233791351318359
}