{
	"loaded_type": 3,
	"param0_val": 1.9201969999999999316742105293087661266326904296875,
	"param1_val": 10.147818999999998368366505019366741180419921875,
	"param2_val": -22.09525899999999865030986256897449493408203125,
	"param3_val": 0.50196099999999999052846533231786452233791351318359,
	"param4_val": 0.50196099999999999052846533231786452233791351318359,
	"param5_val": 0.50196099999999999052846533231786452233791351318359
}