{
	"loaded_type": 4,
	"param0_val": 1.9758819999999999161843788897385820746421813964844,
	"param1_val": 6.36797599999999874853529036045074462890625,
	"param2_val": -26.20145000000000123918653116561472415924072265625,
	"param3_val": 0.50196099999999999052846533231786452233791351318359,
	"param4_val": 0.50196099999999999052846533231786452233791351318359,
	"param5_val": 0.50196099999999999052846533231786452233791351318359
}