{
	"loaded_type": 5,
	"param0_val": 2.2296910000000003115872004855191335082054138183594,
	"param1_val": 40.91751099999999752299117972142994403839111328125,
	"param2_val": -27.921559999999999490682967007160186767578125,
	"param3_val": 0.50196099999999999052846533231786452233791351318359,
	"param4_val": 0.50196099999999999052846533231786452233791351318359,
	"param5_val": 0.50196099999999999052846533231786452233791351318359
}