{
	"loaded_type": 6,
	"param0_val": 0.65639300000000011525713716764585115015506744384766,
	"param1_val": 17.281701999999995678081177175045013427734375,
	"param2_val": -29.960780999999997220584191381931304931640625,
	"param3_val": 0.50196099999999999052846533231786452233791351318359,
	"param4_val": 0.50196099999999999052846533231786452233791351318359,
	"param5_val": 0.50196099999999999052846533231786452233791351318359
}