{
	"loaded_type": 7,
	"param0_val": 1.9449139999999998096313902351539582014083862304688,
	"param1_val": 17.973727999999997706481735804118216037750244140625,
	"param2_val": -34.66799900000000178579284693114459514617919921875,
	"param3_val": 0.50196099999999999052846533231786452233791351318359,
	"param4_val": 0.50196099999999999052846533231786452233791351318359,
	"param5_val": 0.50196099999999999052846533231786452233791351318359
}